,area,net_price,add_cost,total_price
0,37,2100,0,2100
1,38,1825,350,2175
2,57,3300,1,3301
3,63,2200,0,2200
4,65,3000,0,3000
5,50,2600,0,2600
6,31,1600,0,1600
7,20,1800,100,1900
8,90,3700,1000,4700
9,79,2200,800,3000
10,37,2250,0,2250
11,28,2100,400,2500
12,140,6000,400,6400
13,55,1900,620,2520
14,38,1800,400,2200
15,37,2300,0,2300
16,36,2000,460,2460
17,47,3300,0,3300
18,42,3000,0,3000
19,36,2200,0,2200
20,40,2400,0,2400
21,36,2100,513,2613
22,47,3000,600,3600
23,30,1600,0,1600
24,78,3150,0,3150
25,36,2000,450,2450
26,43,1900,350,2250
27,40,2400,0,2400
28,47,2500,0,2500
29,74,3400,800,4200
30,63,3000,600,3600
31,74,3500,890,4390
32,25,1700,0,1700
33,80,2700,800,3500
34,38,2000,0,2000
35,53,2700,0,2700
36,30,1350,350,1700
37,50,2470,0,2470
38,38,1600,600,2200
39,25,2000,0,2000
40,50,1500,500,2000
41,79,3900,650,4550
42,38,1800,0,1800
43,60,2100,600,2700
44,30,1500,450,1950
45,44,1250,507,1757
46,38,2000,450,2450
47,70,4800,800,5600
48,43,2600,500,3100
49,48,1200,0,1200
50,57,2000,550,2550
51,112,5500,1000,6500
52,39,2500,350,2850
53,56,3200,800,4000
54,52,3000,0,3000
55,25,1800,1,1801
56,50,1800,0,1800
57,60,1900,600,2500
58,42,1750,450,2200
59,34,2000,350,2350
60,86,4200,0,4200
61,55,2500,650,3150
62,49,1750,600,2350
63,65,3500,0,3500
64,44,2500,0,2500
65,49,2500,600,3100
66,26,1490,300,1790
67,53,2800,600,3400
68,3,250,0,250
69,46,3000,590,3590
70,45,3000,446,3446
71,43,2410,350,2760
72,117,22900,0,22900
73,48,2600,0,2600
74,66,2800,800,3600
75,35,1800,460,2260
76,40,2100,500,2600
77,25,1390,195,1585
78,42,2650,0,2650
79,30,1800,0,1800
80,100,4500,0,4500
81,25,1500,0,1500
82,45,1800,550,2350
83,37,1850,0,1850
84,30,1900,0,1900
85,42,2500,0,2500
86,49,2600,0,2600
87,38,1900,200,2100
88,34,900,600,1500
89,50,2800,600,3400
90,38,2300,0,2300
91,51,1500,500,2000
92,65,3500,500,4000
93,34,1650,369,2019
94,53,2700,0,2700
95,51,2500,0,2500
96,80,2700,0,2700
97,55,1699,600,2299
98,63,2500,0,2500
99,38,1700,500,2200
100,36,1600,450,2050
101,36,1900,0,1900
102,19,1600,0,1600
103,47,2800,150,2950
104,36,1850,0,1850
105,12,900,0,900
106,25,1500,350,1850
107,36,1500,475,1975
108,35,1500,394,1894
109,74,4900,0,4900
110,41,2450,490,2940
111,50,2350,450,2800
112,50,2399,1,2400
113,93,4700,0,4700
114,45,1700,570,2270
115,50,2000,600,2600
116,56,2300,630,2930
117,65,2500,0,2500
118,46,2000,500,2500
119,67,2300,640,2940
120,23,1690,0,1690
121,20,1300,60,1360
122,44,1700,500,2200
123,56,2900,0,2900
124,38,2600,0,2600
125,32,1650,350,2000
126,50,2300,580,2880
127,65,3300,0,3300
128,41,2100,400,2500
129,62,2900,0,2900
130,35,2000,0,2000
132,47,2300,0,2300
133,42,1700,0,1700
134,67,3800,500,4300
135,50,2850,650,3500
136,31,1980,350,2330
137,43,2200,430,2630
138,38,1600,0,1600
139,94,4300,300,4600
140,62,2200,800,3000
141,27,1600,400,2000
142,24,1300,410,1710
143,43,3400,600,4000
144,65,2600,0,2600
145,54,2800,600,3400
146,100,4900,1000,5900
147,57,1800,700,2500
148,56,2100,500,2600
149,60,2600,0,2600
150,25,1450,0,1450
151,42,1470,530,2000
152,46,2200,450,2650
153,44,2685,250,2935
154,30,2300,200,2500
155,70,3000,0,3000
156,46,1950,0,1950
157,41,2100,490,2590
158,27,1650,300,1950
159,45,2500,0,2500
160,31,1700,0,1700
161,54,1900,600,2500
162,60,3000,650,3650
163,40,2300,300,2600
164,25,1600,0,1600
165,51,2400,500,2900
166,38,2290,0,2290
167,43,1900,0,1900
168,56,3700,0,3700
169,53,2300,0,2300
170,41,2000,600,2600
171,53,2400,0,2400
172,30,1600,400,2000
173,27,1600,250,1850
174,44,2100,0,2100
175,133,20000,0,20000
176,55,2600,432,3032
177,45,2600,500,3100
178,35,2000,0,2000
179,42,2200,0,2200
180,38,2300,0,2300
181,70,3100,0,3100
182,28,1790,250,2040
183,71,5800,0,5800
184,38,2063,350,2413
185,101,5200,800,6000
186,64,2500,800,3300
187,32,2500,400,2900
188,47,2900,300,3200
189,45,1600,600,2200
190,34,2100,0,2100
191,27,1600,390,1990
192,26,1800,280,2080
193,40,2000,540,2540
194,40,2200,390,2590
195,20,1450,250,1700
196,40,2000,1,2001
197,30,1500,400,1900
198,42,1900,400,2300
199,54,3800,0,3800
200,38,2300,0,2300
201,75,3000,600,3600
202,36,6299,0,6299
203,45,3000,0,3000
204,76,3800,0,3800
205,30,1800,0,1800
206,55,2600,0,2600
207,25,1700,0,1700
208,62,1500,1000,2500
209,37,2500,0,2500
210,38,2500,360,2860
211,55,2300,550,2850
212,43,2800,500,3300
213,56,2800,0,2800
214,27,2000,0,2000
215,32,1500,200,1700
216,64,3200,0,3200
217,26,1550,0,1550
218,30,2000,0,2000
219,22,1300,350,1650
220,166,8500,0,8500
221,47,2700,0,2700
222,26,1600,0,1600
223,31,2700,0,2700
224,50,2500,0,2500
225,38,1900,0,1900
226,28,1700,200,1900
227,42,1400,500,1900
228,45,2200,0,2200
229,34,1800,350,2150
230,37,1900,350,2250
231,43,2300,0,2300
232,51,2600,400,3000
233,40,1700,380,2080
234,31,2000,0,2000
235,39,2100,500,2600
236,33,1800,0,1800
237,42,2600,0,2600
238,56,2800,0,2800
239,37,2050,0,2050
240,75,3000,750,3750
241,48,1900,800,2700
242,40,1950,430,2380
243,37,1800,660,2460
244,49,2800,0,2800
245,35,1650,1,1651
246,70,2300,0,2300
247,32,1150,500,1650
248,34,1800,0,1800
249,35,2000,0,2000
250,27,1200,430,1630
251,37,3300,400,3700
252,39,2000,0,2000
253,45,2300,0,2300
254,41,2300,550,2850
255,40,1700,500,2200
256,61,2300,700,3000
257,62,2000,0,2000
258,80,3650,0,3650
259,52,2700,0,2700
260,84,2600,615,3215
261,55,3000,0,3000
262,37,2200,0,2200
263,80,4000,0,4000
264,54,1940,660,2600
265,50,2100,0,2100
266,53,2500,0,2500
267,56,2500,0,2500
268,40,2250,510,2760
269,35,1800,0,1800
270,38,2200,450,2650
271,28,1500,450,1950
272,32,2000,0,2000
273,68,3800,0,3800
274,50,2400,312,2712
275,34,1800,0,1800
276,23,1700,330,2030
277,47,2300,0,2300
278,42,2000,450,2450
279,70,3600,0,3600
280,65,2550,610,3160
281,37,1500,500,2000
282,43,2250,300,2550
283,51,1950,574,2524
284,33,1700,500,2200
285,42,1800,0,1800
286,66,3500,500,4000
287,44,3200,0,3200
288,77,3199,0,3199
289,39,1600,1,1601
290,38,2000,0,2000
291,36,2300,550,2850
292,50,2100,550,2650
293,42,2400,400,2800
294,70,3700,700,4400
295,37,1900,200,2100
296,48,2300,0,2300
297,60,3400,0,3400
298,36,2100,0,2100
299,53,2700,450,3150
300,63,2600,0,2600
301,51,2600,200,2800
302,47,2500,0,2500
303,50,1900,0,1900
304,24,1800,450,2250
305,31,1950,0,1950
306,21,1750,200,1950
307,50,2600,600,3200
308,24,1300,0,1300
309,65,4400,750,5150
310,68,3000,0,3000
311,40,1500,400,1900
312,29,1500,350,1850
313,37,2000,0,2000
314,48,2200,0,2200
315,34,1800,470,2270
316,86,3900,0,3900
317,28,1950,170,2120
318,50,1850,550,2400
319,47,2900,0,2900
320,57,2500,0,2500
321,30,1800,375,2175
322,60,2600,830,3430
323,24,1100,397,1497
324,50,1300,500,1800
325,56,4000,0,4000
326,42,1950,550,2500
327,10,1100,0,1100
328,53,2450,0,2450
329,33,1800,600,2400
330,34,2500,500,3000
331,65,2190,0,2190
332,12,1200,80,1280
333,105,6675,0,6675
334,39,1800,0,1800
335,32,1700,0,1700
336,45,2100,440,2540
337,69,2450,0,2450
338,49,2500,0,2500
339,39,2100,500,2600
340,26,1550,350,1900
341,60,2400,450,2850
342,77,4200,0,4200
343,42,1800,0,1800
344,74,4000,900,4900
345,50,3200,0,3200
346,48,2400,0,2400
347,20,1699,165,1864
348,47,2000,0,2000
349,40,2900,0,2900
350,36,2200,470,2670
351,56,2000,700,2700
352,69,3000,700,3700
353,25,1500,0,1500
354,45,1650,500,2150
355,44,2500,0,2500
356,33,1900,400,2300
357,38,2200,0,2200
358,82,3200,0,3200
359,30,1950,0,1950
360,31,2000,430,2430
361,30,1700,470,2170
362,36,2100,500,2600
363,48,1900,410,2310
364,27,1900,0,1900
365,40,2199,1,2200
366,72,3200,0,3200
367,33,1600,270,1870
368,40,1690,0,1690
369,50,1750,550,2300
370,33,2300,456,2756
371,25,1700,300,2000
372,42,1900,500,2400
373,37,2000,385,2385
374,20,1700,180,1880
375,40,2590,0,2590
376,65,3200,0,3200
377,25,2000,0,2000
378,45,2000,0,2000
379,69,2500,0,2500
380,59,3000,0,3000
381,54,1950,560,2510
382,95,4400,0,4400
383,60,3999,0,3999
384,35,1900,300,2200
385,47,2200,0,2200
386,49,2600,0,2600
387,50,4495,500,4995
388,53,1700,0,1700
389,53,3000,0,3000
390,55,1900,530,2430
391,53,3000,0,3000
392,40,2800,0,2800
393,97,5399,0,5399
394,50,2000,450,2450
395,80,2900,0,2900
396,58,2500,0,2500
397,39,2400,0,2400
398,35,2300,200,2500
399,52,2600,0,2600
400,27,1250,400,1650
401,36,2300,0,2300
402,42,2200,500,2700
403,41,1700,440,2140
404,53,3100,150,3250
405,24,1550,180,1730
406,49,2200,0,2200
407,26,1700,340,2040
408,24,1550,350,1900
409,33,2000,0,2000
410,16,1200,230,1430
411,56,5000,0,5000
412,31,1300,400,1700
413,20,1400,0,1400
414,52,2500,500,3000
415,42,1900,500,2400
416,43,2600,0,2600
417,36,2500,0,2500
418,65,2000,400,2400
419,50,2000,0,2000
420,93,5000,1000,6000
421,64,1490,680,2170
422,20,1400,400,1800
423,47,1700,786,2486
424,27,2100,330,2430
425,56,2790,0,2790
426,27,1900,300,2200
427,38,1700,500,2200
428,70,4500,0,4500
429,54,3000,680,3680
430,36,1900,400,2300
431,31,1950,340,2290
432,26,1400,250,1650
433,55,2400,600,3000
434,32,1300,430,1730
435,45,2800,0,2800
436,35,3900,600,4500
437,61,3900,385,4285
438,30,1500,0,1500
439,32,1350,500,1850
440,54,1900,500,2400
441,37,2000,550,2550
442,20,1600,0,1600
443,40,2200,1,2201
444,35,2300,200,2500
445,30,2300,0,2300
446,40,2800,400,3200
447,40,2500,0,2500
448,38,1800,580,2380
449,38,2400,0,2400
450,127,10000,1500,11500
451,43,2900,0,2900
452,67,2300,640,2940
453,53,2950,0,2950
454,49,2000,600,2600
455,25,1900,300,2200
456,30,1900,0,1900
457,54,2600,0,2600
458,34,1800,150,1950
459,53,2650,0,2650
460,58,2600,600,3200
461,35,2150,0,2150
462,38,1600,0,1600
463,25,1650,0,1650
464,44,2200,1,2201
465,32,1650,500,2150
466,45,2600,0,2600
467,30,2300,0,2300
468,32,1650,500,2150
469,28,2250,0,2250
470,70,4500,630,5130
471,40,2400,500,2900
472,56,2100,0,2100
473,28,2500,350,2850
474,52,2500,0,2500
475,38,1500,0,1500
476,50,2200,770,2970
477,93,6000,0,6000
478,47,2600,0,2600
479,34,2600,0,2600
480,16,1500,300,1800
481,47,3000,0,3000
482,35,1500,420,1920
483,40,2100,0,2100
484,47,1600,460,2060
485,32,1300,400,1700
486,69,3000,700,3700
487,46,2200,1,2201
488,30,1400,100,1500
489,50,2800,500,3300
490,53,2350,750,3100
491,25,1450,270,1720
492,38,2000,0,2000
493,32,2000,1,2001
494,44,2800,250,3050
495,63,2400,700,3100
496,34,2000,0,2000
497,41,2600,0,2600
498,38,1900,350,2250
499,30,1900,400,2300
500,54,3000,0,3000
501,134,6900,0,6900
502,48,2250,0,2250
503,27,1400,300,1700
504,31,2000,0,2000
505,30,1800,390,2190
506,70,2800,0,2800
507,32,2300,0,2300
508,37,1700,400,2100
509,46,1800,400,2200
510,41,2200,500,2700
511,59,2400,0,2400
512,44,1900,600,2500
513,25,1432,240,1672
514,45,2700,0,2700
515,48,2000,0,2000
516,46,2000,575,2575
517,26,1370,300,1670
518,30,1600,0,1600
519,28,1750,0,1750
520,42,1800,0,1800
521,48,1600,480,2080
522,64,3880,0,3880
523,38,1975,350,2325
524,53,2000,0,2000
525,60,3500,770,4270
526,39,2100,500,2600
527,31,2050,0,2050
528,34,1750,400,2150
529,76,3650,0,3650
530,49,1600,700,2300
531,67,2300,680,2980
532,50,2250,300,2550
533,26,1470,300,1770
534,56,2700,570,3270
535,30,2000,0,2000
536,92,3400,0,3400
537,72,5000,0,5000
538,25,1699,297,1996
539,37,1400,1,1401
540,79,2500,0,2500
541,86,4690,0,4690
542,51,2400,0,2400
543,28,1700,250,1950
544,50,2700,500,3200
545,50,2500,0,2500
546,40,3300,0,3300
547,31,2000,0,2000
548,46,2000,624,2624
549,50,2350,0,2350
550,38,2000,450,2450
551,37,1900,0,1900
552,45,2300,0,2300
553,48,2600,620,3220
554,38,1500,400,1900
555,28,1900,350,2250
556,50,3500,0,3500
557,48,3300,0,3300
558,43,2200,0,2200
559,48,1790,419,2209
560,57,2500,0,2500
561,25,1660,0,1660
562,50,2300,700,3000
563,40,2500,0,2500
564,45,2100,550,2650
565,33,2000,300,2300
566,50,2100,0,2100
567,35,2500,0,2500
568,39,2400,0,2400
569,45,2200,470,2670
570,40,1900,0,1900
571,36,1500,500,2000
572,57,3300,840,4140
573,56,2600,0,2600
574,52,1950,600,2550
575,40,2500,0,2500
576,30,1300,400,1700
577,31,1800,0,1800
578,36,1900,0,1900
579,64,2400,750,3150
580,56,2900,900,3800
581,20,1850,0,1850
582,36,2000,0,2000
583,40,2350,0,2350
584,53,2100,500,2600
585,40,2300,480,2780
586,50,2400,0,2400
587,34,2250,480,2730
588,29,1800,500,2300
589,44,2500,0,2500
590,42,1900,500,2400
591,37,2550,0,2550
592,28,2000,288,2288
593,30,2400,0,2400
594,55,2668,520,3188
595,30,2100,300,2400
596,34,1900,0,1900
597,45,1800,320,2120
598,43,2999,400,3399
599,50,2300,0,2300
600,40,2200,0,2200
601,25,1800,0,1800
602,44,2000,500,2500
603,57,2300,390,2690
604,35,2000,0,2000
605,38,1250,500,1750
606,27,1900,500,2400
607,43,2200,400,2600
608,75,3900,0,3900
609,29,1700,300,2000
610,47,2650,0,2650
611,22,1200,300,1500
612,35,1600,500,2100
613,32,1700,200,1900
614,75,3200,0,3200
615,34,2450,0,2450
616,40,2700,0,2700
617,53,1700,600,2300
618,41,2500,500,3000
619,47,2650,0,2650
620,55,3000,600,3600
621,25,1400,333,1733
622,37,2290,490,2780
623,48,2600,0,2600
624,35,1400,350,1750
625,44,2000,500,2500
626,45,2950,550,3500
627,49,1990,0,1990
628,42,2650,0,2650
629,72,3000,700,3700
630,70,2950,1,2951
631,53,2600,0,2600
632,56,3300,500,3800
633,31,2000,0,2000
634,54,1700,650,2350
635,30,1500,300,1800
636,61,2800,400,3200
637,35,2300,300,2600
638,47,2500,0,2500
639,34,2389,0,2389
640,52,2700,1,2701
641,44,2500,0,2500
642,17,1500,200,1700
643,104,4900,0,4900
644,56,2200,600,2800
645,37,1800,370,2170
646,40,1900,400,2300
647,31,1500,500,2000
648,43,2500,0,2500
649,60,2200,484,2684
650,28,2048,0,2048
651,49,4000,200,4200
652,35,2500,0,2500
653,32,1950,480,2430
654,31,2000,300,2300
655,55,2750,850,3600
656,25,2000,0,2000
657,147,8900,0,8900
658,48,2640,560,3200
659,38,2000,0,2000
660,47,1800,500,2300
661,44,2000,500,2500
662,30,1500,380,1880
663,57,2700,0,2700
664,30,1750,0,1750
665,37,2200,315,2515
666,51,2500,250,2750
667,44,2350,460,2810
668,15,1450,0,1450
669,42,1750,500,2250
670,53,2500,0,2500
671,96,6500,0,6500
672,21,1700,0,1700
673,45,2300,470,2770
674,47,2600,0,2600
675,24,1100,400,1500
676,33,2300,100,2400
677,40,2050,650,2700
678,34,2100,0,2100
679,30,1499,450,1949
680,40,1950,670,2620
681,22,1399,300,1699
682,54,2150,600,2750
683,62,5000,0,5000
684,27,1750,350,2100
685,38,2000,0,2000
686,30,1110,380,1490
687,64,3900,0,3900
688,42,1500,570,2070
689,36,1800,0,1800
690,60,3000,550,3550
691,65,2400,0,2400
692,47,2500,0,2500
693,38,2500,0,2500
694,45,2050,630,2680
695,40,2100,320,2420
696,51,2000,0,2000
697,36,1600,500,2100
698,24,1200,0,1200
699,55,2800,0,2800
700,45,2800,600,3400
701,67,4400,0,4400
702,58,2600,0,2600
703,41,1600,436,2036
704,44,1600,460,2060
705,63,2500,0,2500
706,55,2200,560,2760
707,28,1760,230,1990
708,64,3500,300,3800
709,38,1500,0,1500
710,65,2690,0,2690
711,31,1800,300,2100
712,66,4000,0,4000
713,60,3200,0,3200
714,41,1900,0,1900
715,32,1300,0,1300
716,44,1850,300,2150
717,10,1050,70,1120
718,40,1700,500,2200
719,30,1850,0,1850
720,31,1900,470,2370
721,220,9000,1000,10000
722,53,2700,0,2700
723,60,2600,1,2601
724,56,2700,0,2700
725,50,2750,0,2750
726,38,2290,340,2630
727,51,2300,500,2800
728,37,1950,500,2450
729,40,2800,0,2800
730,38,2000,430,2430
731,45,1950,550,2500
732,38,1799,500,2299
733,93,7500,0,7500
734,40,2000,0,2000
735,42,2150,0,2150
736,63,2300,0,2300
737,50,2390,600,2990
738,45,2000,0,2000
739,28,1450,450,1900
740,37,2300,0,2300
741,44,3000,0,3000
742,31,2200,0,2200
743,26,2200,300,2500
744,41,2000,0,2000
745,29,2500,0,2500
746,48,1850,590,2440
747,22,1540,350,1890
748,46,1800,490,2290
749,40,2500,0,2500
750,35,2000,0,2000
751,30,1600,400,2000
752,80,7500,1,7501
753,20,1550,0,1550
754,48,2200,700,2900
755,30,2050,0,2050
756,56,2990,0,2990
757,43,2200,0,2200
758,31,1600,0,1600
759,59,2500,250,2750
760,42,3600,0,3600
761,48,2400,0,2400
762,38,2000,400,2400
763,35,1800,0,1800
764,35,2000,200,2200
765,30,1799,400,2199
766,64,4600,300,4900
767,106,4800,0,4800
768,50,1900,500,2400
769,29,1800,0,1800
770,42,2500,0,2500
771,30,1600,400,2000
772,45,1700,500,2200
773,52,2000,580,2580
774,35,2600,0,2600
775,57,2590,0,2590
776,39,2400,0,2400
777,45,3000,0,3000
778,30,1650,475,2125
779,48,2200,500,2700
780,36,1890,0,1890
781,36,2800,0,2800
782,56,2875,350,3225
783,44,1850,537,2387
784,39,2500,500,3000
785,86,3500,600,4100
786,48,2250,551,2801
787,46,2300,0,2300
788,33,1800,300,2100
789,46,2000,0,2000
790,30,2200,310,2510
791,22,1725,0,1725
792,54,2400,400,2800
793,42,1900,80,1980
794,29,1400,420,1820
795,41,1400,450,1850
796,28,1900,0,1900
797,47,2750,0,2750
798,43,2100,400,2500
799,42,2070,430,2500
800,26,2000,0,2000
801,132,2700,1100,3800
802,55,2700,200,2900
803,32,1500,200,1700
804,18,1600,100,1700
805,35,2500,362,2862
806,35,1500,380,1880
807,51,2100,1,2101
808,32,1800,300,2100
809,47,2700,0,2700
810,40,2600,0,2600
811,51,3100,550,3650
812,25,1400,300,1700
813,45,2150,0,2150
814,135,12999,0,12999
815,37,2600,0,2600
816,35,1700,0,1700
817,48,2500,220,2720
818,44,1500,600,2100
819,83,3850,300,4150
820,40,1600,400,2000
821,26,1900,270,2170
822,48,3200,0,3200
823,63,2500,600,3100
824,42,1800,400,2200
825,54,1550,500,2050
826,19,1450,350,1800
827,37,1400,400,1800
828,42,2100,0,2100
829,65,3000,700,3700
830,65,3500,1,3501
831,102,4750,0,4750
832,42,2500,0,2500
833,100,3299,0,3299
834,60,2500,450,2950
835,28,1700,450,2150
836,44,2200,550,2750
837,60,3000,0,3000
838,28,1850,200,2050
839,34,2500,0,2500
840,63,2600,0,2600
841,49,2660,0,2660
842,48,2800,0,2800
843,50,2800,400,3200
844,42,2600,0,2600
845,32,1300,400,1700
846,40,2200,600,2800
847,40,1500,1,1501
848,30,1900,0,1900
849,50,2400,200,2600
850,42,1600,370,1970
851,46,1700,600,2300
852,27,1700,0,1700
853,45,2400,0,2400
854,50,1700,500,2200
855,64,2200,200,2400
856,60,2700,0,2700
857,55,2100,700,2800
858,42,2050,400,2450
859,24,1699,200,1899
860,50,3200,1,3201
861,25,1600,0,1600
862,26,1300,0,1300
863,41,2000,480,2480
864,42,1600,0,1600
865,30,2300,1,2301
866,38,1990,480,2470
867,39,2300,0,2300
868,50,2200,650,2850
869,30,1500,380,1880
870,31,1650,340,1990
871,42,1900,0,1900
872,42,2500,0,2500
873,57,1900,600,2500
874,42,2000,560,2560
875,54,3500,0,3500
876,27,1800,400,2200
877,32,1700,1,1701
878,42,2900,1,2901
879,65,4300,0,4300
880,47,1500,500,2000
881,46,2000,0,2000
882,37,1700,400,2100
883,43,1240,560,1800
884,47,2500,500,3000
885,67,2100,760,2860
886,43,2450,0,2450
887,23,1899,0,1899
888,114,4200,0,4200
889,38,1600,450,2050
890,46,2300,0,2300
891,66,2300,900,3200
892,51,3000,0,3000
893,32,2500,0,2500
894,67,3200,0,3200
895,65,2600,0,2600
896,64,2800,0,2800
897,60,3500,0,3500
898,54,2250,0,2250
899,39,2910,0,2910
900,50,1800,400,2200
901,50,2000,0,2000
902,40,2600,0,2600
903,42,1700,0,1700
904,26,1400,0,1400
905,35,1700,0,1700
906,40,2500,500,3000
907,40,2400,1,2401
908,44,2000,450,2450
909,25,1600,200,1800
910,48,2200,0,2200
911,40,1300,600,1900
912,40,2000,356,2356
913,40,2100,400,2500
914,37,2300,0,2300
915,42,5000,11,5011
916,40,2500,300,2800
917,63,3800,0,3800
918,39,1550,450,2000
919,50,1800,500,2300
920,32,1799,0,1799
921,42,2200,0,2200
922,38,2000,600,2600
923,34,1800,0,1800
924,18,1800,0,1800
925,55,1950,500,2450
926,20,1200,200,1400
927,58,2500,300,2800
928,20,1700,170,1870
929,63,2800,0,2800
930,42,1800,350,2150
931,26,1480,200,1680
932,49,2300,541,2841
933,54,2800,0,2800
934,61,3150,0,3150
935,32,1600,0,1600
936,47,3300,0,3300
937,48,2750,700,3450
938,42,2150,0,2150
939,120,3100,0,3100
940,38,2000,0,2000
941,81,3700,0,3700
942,25,1350,350,1700
943,39,2700,0,2700
944,45,2100,600,2700
945,42,1650,467,2117
946,70,2700,0,2700
947,45,2700,0,2700
948,48,2000,500,2500
949,57,2800,0,2800
950,62,3200,0,3200
951,55,2550,0,2550
952,72,2500,700,3200
953,18,1550,0,1550
954,180,6000,1000,7000
955,27,1200,300,1500
956,48,1400,650,2050
957,51,2300,550,2850
958,75,3300,0,3300
959,50,2100,450,2550
960,140,13900,0,13900
961,39,1900,430,2330
962,49,1900,650,2550
963,50,3000,500,3500
964,61,3100,0,3100
965,39,2200,500,2700
966,55,2400,0,2400
967,48,3990,450,4440
968,57,2600,0,2600
969,45,1900,500,2400
970,50,2300,0,2300
971,46,2320,375,2695
972,54,2800,0,2800
973,48,2200,0,2200
974,41,1900,600,2500
975,54,2250,0,2250
976,36,1600,422,2022
977,41,1990,0,1990
978,50,3700,928,4628
979,53,2500,0,2500
980,83,2900,0,2900
981,48,2200,0,2200
982,45,1950,450,2400
983,100,8500,1300,9800
984,56,2300,0,2300
985,57,2700,0,2700
986,50,2000,0,2000
987,38,2400,0,2400
988,53,3300,1,3301
989,35,1700,200,1900
990,40,1750,0,1750
991,35,2150,0,2150
992,40,2250,300,2550
993,28,1890,0,1890
994,53,3900,460,4360
995,49,2550,0,2550
996,22,2300,200,2500
997,42,1800,430,2230
998,42,2000,0,2000
999,26,1850,350,2200
1000,26,1950,0,1950
1001,48,2400,0,2400
1002,25,2000,150,2150
1003,38,2500,350,2850
1004,24,1750,0,1750
1005,52,2500,0,2500
1006,57,2500,0,2500
1007,64,3050,750,3800
1008,52,2200,500,2700
1009,60,2700,900,3600
1010,62,2200,600,2800
1011,19,1300,300,1600
1012,50,2999,500,3499
1013,20,1300,300,1600
1014,29,2400,0,2400
1015,43,2100,0,2100
1016,53,3500,600,4100
1017,46,2200,0,2200
1018,23,1800,50,1850
1019,28,1550,0,1550
1020,83,5000,1000,6000
1021,41,2500,0,2500
1022,45,2000,500,2500
1023,38,2400,290,2690
1024,58,2600,0,2600
1025,37,2150,0,2150
1026,38,3000,0,3000
1027,71,3000,0,3000
1028,19,1320,290,1610
1029,44,2150,400,2550
1030,43,1900,300,2200
1031,35,1600,600,2200
1032,30,1950,0,1950
1033,28,1700,0,1700
1034,30,1150,400,1550
1035,47,3050,0,3050
1036,44,1600,400,2000
1037,60,2790,0,2790
1038,34,2150,0,2150
1039,60,2200,700,2900
1040,45,1700,450,2150
1041,30,1700,350,2050
1042,31,1950,0,1950
1043,51,2700,1,2701
1044,50,2200,300,2500
1045,38,1990,350,2340
1046,49,1300,0,1300
1047,51,2500,0,2500
1048,42,1700,440,2140
1049,47,3000,0,3000
1050,55,3500,0,3500
1051,31,1700,350,2050
1052,28,2300,0,2300
1053,44,2390,1,2391
1054,47,2100,500,2600
1055,52,1650,480,2130
1056,56,2600,340,2940
1057,34,1750,0,1750
1058,57,3000,0,3000
1059,57,2600,0,2600
1060,47,2000,0,2000
1061,73,4000,0,4000
1062,61,2300,500,2800
1063,31,1900,350,2250
1064,66,3600,0,3600
1065,25,1600,0,1600
1066,36,1800,0,1800
1067,42,2000,0,2000
1068,50,2200,0,2200
1069,39,1900,400,2300
1070,55,1540,0,1540
1071,39,1350,516,1866
1072,35,3500,0,3500
1073,40,1650,550,2200
1074,38,1830,350,2180
1075,38,2100,0,2100
1076,34,2100,450,2550
1077,74,2350,850,3200
1078,25,1580,0,1580
1079,27,1400,400,1800
1080,36,2300,0,2300
1081,51,2400,0,2400
1082,25,1300,400,1700
1083,37,2450,0,2450
1084,90,4900,0,4900
1085,43,2400,1,2401
1086,29,1700,100,1800
1087,38,2700,0,2700
1088,48,2500,0,2500
1089,54,2000,650,2650
1090,67,2300,0,2300
1091,38,1930,400,2330
1092,44,2000,1,2001
1093,40,2000,400,2400
1094,38,1900,400,2300
1095,30,2600,0,2600
1096,60,3200,0,3200
1097,100,17000,0,17000
1098,38,1650,600,2250
1099,37,2000,240,2240
1100,23,1800,0,1800
1101,37,1900,0,1900
1102,31,1700,0,1700
1103,46,3400,500,3900
1104,38,2300,0,2300
1105,116,5700,730,6430
1106,38,2500,0,2500
1107,80,4700,0,4700
1108,36,1900,403,2303
1109,63,2600,800,3400
1110,57,1450,800,2250
1111,48,1800,400,2200
1112,46,1900,500,2400
1113,36,4200,400,4600
1114,51,2250,560,2810
1115,33,1700,307,2007
1116,34,2700,390,3090
1117,26,1400,300,1700
1118,42,2590,0,2590
1119,38,2300,0,2300
1120,40,2000,0,2000
1121,54,2570,430,3000
1122,50,3000,0,3000
1123,54,2000,700,2700
1124,66,2350,0,2350
1125,46,1800,0,1800
1126,38,2500,490,2990
1127,34,1900,600,2500
1128,52,2600,0,2600
1129,59,2300,600,2900
1130,55,1900,700,2600
1131,27,1800,0,1800
1132,41,2598,549,3147
1133,43,2500,0,2500
1134,16,1490,250,1740
1135,30,2099,0,2099
1136,56,2000,700,2700
1137,47,2200,0,2200
1138,30,2100,0,2100
1139,36,1700,0,1700
1140,56,1900,440,2340
1141,21,1750,50,1800
1142,52,2700,0,2700
1143,22,1000,150,1150
1144,17,1490,345,1835
1145,39,1900,450,2350
1146,76,3000,0,3000
1147,55,1950,650,2600
1148,56,2000,600,2600
1149,44,2800,0,2800
1150,77,3100,0,3100
1151,49,3100,0,3100
1152,200,4200,800,5000
1153,48,2600,300,2900
1154,49,2800,600,3400
1155,35,1800,520,2320
1156,38,2390,360,2750
1157,38,1975,350,2325
1158,35,2050,450,2500
1159,36,1800,1,1801
1160,51,2500,0,2500
1161,37,1590,381,1971
1162,98,5500,1100,6600
1163,38,2100,400,2500
1164,36,2400,0,2400
1165,68,3150,0,3150
1166,49,2600,1,2601
1167,38,2200,0,2200
1168,30,2000,300,2300
1169,49,2600,400,3000
1170,63,2400,620,3020
1171,38,1800,450,2250
1172,52,1750,550,2300
1173,50,3200,600,3800
1174,40,1800,400,2200
1175,40,2400,1,2401
1176,40,2850,350,3200
1177,38,2000,0,2000
1178,56,2500,0,2500
1179,45,2050,360,2410
1180,45,1900,400,2300
1181,41,2200,550,2750
1182,60,2500,0,2500
1183,37,2300,350,2650
1184,53,2900,650,3550
1185,59,2800,0,2800
1186,55,1800,0,1800
1187,56,2200,700,2900
1188,33,2200,0,2200
1189,49,2000,0,2000
1190,37,1800,400,2200
1191,56,1700,400,2100
1192,45,2400,450,2850
1193,98,3700,820,4520
1194,36,1100,390,1490
1195,40,1800,450,2250
1196,43,2500,400,2900
1197,40,2300,400,2700
1198,32,1700,0,1700
1199,60,3100,0,3100
1200,24,1300,350,1650
1201,28,1500,400,1900
1202,37,1800,504,2304
1203,50,3300,400,3700
1204,52,3350,0,3350
1205,46,1900,600,2500
1206,32,1900,400,2300
1207,44,2500,0,2500
1208,43,1900,0,1900
1209,48,2500,0,2500
1210,25,1545,240,1785
1211,46,2300,0,2300
1212,46,2350,380,2730
1213,30,1780,300,2080
1214,20,1290,350,1640
1215,40,3000,400,3400
1216,26,1500,300,1800
1217,56,2100,650,2750
1218,39,2200,0,2200
1219,83,3900,700,4600
1220,46,2200,0,2200
1221,45,2100,0,2100
1222,38,2000,0,2000
1223,40,2200,500,2700
1224,36,2200,0,2200
1225,73,4000,700,4700
1226,34,1200,407,1607
1227,48,2050,500,2550
1228,35,2500,0,2500
1229,53,2000,570,2570
1230,42,2100,300,2400
1231,39,2450,0,2450
1232,39,2100,0,2100
1233,46,2300,0,2300
1234,53,2100,370,2470
1235,32,1300,200,1500
1236,40,1600,500,2100
1237,44,1350,690,2040
1238,50,2500,400,2900
1239,30,1600,0,1600
1240,40,1900,0,1900
1241,23,1550,0,1550
1242,49,2700,0,2700
1243,47,1995,705,2700
1244,45,2800,0,2800
1245,43,2150,0,2150
1246,16,899,299,1198
1247,40,2500,400,2900
1248,44,1900,0,1900
1249,50,3400,1,3401
1250,26,1946,0,1946
1251,40,2000,500,2500
1252,38,1830,350,2180
1253,39,2600,0,2600
1254,36,2500,300,2800
1255,62,3400,0,3400
1256,58,3000,550,3550
1257,117,5900,0,5900
1258,35,2390,0,2390
1259,48,2500,400,2900
1260,50,4900,500,5400
1261,39,1790,490,2280
1262,50,2900,570,3470
1263,62,3400,0,3400
1264,48,2100,500,2600
1265,45,2600,0,2600
1266,66,3900,450,4350
1267,45,2200,400,2600
1268,38,1870,430,2300
1269,41,1600,100,1700
1270,40,2000,0,2000
1271,25,1790,0,1790
1272,38,1300,360,1660
1273,41,1500,600,2100
1274,48,1950,550,2500
1275,37,1800,400,2200
1276,40,2650,1,2651
1277,34,1990,1,1991
1278,42,2000,500,2500
1279,27,1650,0,1650
1280,49,3500,650,4150
1281,54,1950,600,2550
1282,39,2100,390,2490
1283,63,3000,0,3000
1284,100,2400,400,2800
1285,34,1600,420,2020
1286,65,2900,0,2900
1287,55,3000,0,3000
1288,49,2600,0,2600
1289,39,1500,500,2000
1290,25,1600,0,1600
1291,48,1450,550,2000
1292,28,1700,320,2020
1293,50,2000,300,2300
1294,55,2590,0,2590
1295,80,3600,300,3900
1296,49,2200,0,2200
1297,41,2100,1,2101
1298,55,2300,500,2800
1299,33,1650,200,1850
1300,53,2800,0,2800
1301,25,1700,0,1700
1302,60,2700,500,3200
1303,40,2000,400,2400
1304,42,2450,0,2450
1305,33,1950,400,2350
1306,78,3900,0,3900
1307,95,4999,0,4999
1308,56,3000,650,3650
1309,40,2300,400,2700
1310,42,2798,549,3347
1311,57,2100,800,2900
1312,73,1800,600,2400
1313,25,2400,0,2400
1314,66,2300,0,2300
1315,30,2200,0,2200
1316,39,2300,2300,4600
1317,49,2500,0,2500
1318,40,1999,0,1999
1319,30,1499,350,1849
1320,59,3090,0,3090
1321,64,3000,850,3850
1322,64,1920,0,1920
1323,51,2000,450,2450
1324,56,2700,550,3250
1325,39,2400,0,2400
1326,42,2500,0,2500
1327,45,2200,0,2200
1328,52,1800,500,2300
1329,32,2000,600,2600
1330,52,2200,400,2600
1331,76,4000,0,4000
1332,47,1800,500,2300
1333,45,2500,0,2500
1334,82,3000,0,3000
1335,58,2600,600,3200
1336,39,1700,350,2050
1337,48,2300,0,2300
1338,76,2600,700,3300
1339,36,2850,1,2851
1340,39,2200,0,2200
1341,35,1700,300,2000
1342,37,2400,300,2700
1343,78,3800,0,3800
1344,38,2500,400,2900
1345,52,2600,0,2600
1346,55,1800,700,2500
1347,54,2200,0,2200
1348,44,2000,500,2500
1349,62,3000,800,3800
1350,72,3600,0,3600
1351,38,2700,0,2700
1352,39,2500,0,2500
1353,36,1900,0,1900
1354,55,3200,0,3200
1355,28,1999,0,1999
1356,29,1750,350,2100
1357,10,250,0,250
1358,29,1500,0,1500
1359,37,2000,380,2380
1360,56,3000,0,3000
1361,40,2450,1,2451
1362,71,3200,0,3200
1363,53,2600,300,2900
1364,65,3500,0,3500
1365,44,2400,0,2400
1366,54,2000,700,2700
1367,52,3000,0,3000
1368,65,3700,0,3700
1369,50,2990,0,2990
1370,36,2700,1,2701
1371,41,2000,0,2000
1372,51,1750,750,2500
1373,53,2300,500,2800
1374,64,2900,610,3510
1375,122,4400,0,4400
1376,35,1400,600,2000
1377,75,2800,400,3200
1378,20,1750,200,1950
1379,47,2100,0,2100
1380,26,1700,0,1700
1381,50,2950,550,3500
1382,34,1800,150,1950
1383,42,1900,450,2350
1384,18,1199,149,1348
1385,49,2000,525,2525
1386,80,5000,0,5000
1387,40,1750,0,1750
1388,30,1900,0,1900
1389,48,2800,500,3300
1390,62,2500,600,3100
1391,50,2100,0,2100
1392,50,2800,0,2800
1393,44,2350,460,2810
1394,42,2100,550,2650
1395,20,1500,0,1500
1396,48,1600,500,2100
1397,50,2450,500,2950
1398,37,1450,380,1830
1399,42,1900,0,1900
1400,35,1950,0,1950
1401,41,2200,400,2600
1402,48,1950,673,2623
1403,48,2400,0,2400
1404,44,2750,0,2750
1405,33,1300,500,1800
1406,45,3100,0,3100
1407,42,1950,450,2400
1408,49,3000,500,3500
1409,50,1900,0,1900
1410,36,1850,500,2350
1411,30,2500,0,2500
1412,30,1650,350,2000
1413,22,1500,0,1500
1414,75,3400,0,3400
1415,55,2450,0,2450
1416,42,2500,0,2500
1417,64,2600,0,2600
1418,36,1800,0,1800
1419,50,2000,600,2600
1420,36,1400,566,1966
1421,33,2565,0,2565
1422,50,2450,0,2450
1423,28,1400,450,1850
1424,56,2700,300,3000
1425,67,4100,0,4100
1426,48,4200,0,4200
1427,60,5000,700,5700
1428,46,2200,0,2200
1429,40,2000,300,2300
1430,51,2950,280,3230
1431,40,1700,0,1700
1432,50,2500,0,2500
1433,50,2400,0,2400
1434,65,2800,0,2800
1435,39,1700,380,2080
1436,52,2300,0,2300
1437,34,2000,320,2320
1438,85,3500,0,3500
1439,28,2200,1,2201
1440,25,1440,240,1680
1441,27,1650,350,2000
1442,93,3500,0,3500
1443,41,2300,200,2500
1444,37,2400,400,2800
1445,37,1600,0,1600
1446,55,1700,500,2200
1447,66,3500,0,3500
1448,38,1790,400,2190
1449,57,2600,0,2600
1450,52,2300,0,2300
1451,35,1950,470,2420
1452,25,1850,280,2130
1453,45,2700,0,2700
1454,27,1600,300,1900
1455,25,1400,200,1600
1456,50,2000,0,2000
1457,77,2800,800,3600
1458,58,1900,600,2500
1459,34,2100,455,2555
1460,49,2499,1,2500
1461,47,3300,0,3300
1462,56,2900,0,2900
1463,57,2700,0,2700
1464,38,2300,450,2750
1465,37,1500,350,1850
1466,55,3000,0,3000
1467,68,2700,580,3280
1468,22,1550,250,1800
1469,33,1900,0,1900
1470,46,3500,0,3500
1471,38,2750,750,3500
1472,60,2400,600,3000
1473,42,2250,200,2450
1474,64,2300,700,3000
1475,62,3100,0,3100
1476,43,2400,0,2400
1477,51,2300,0,2300
1478,63,3300,0,3300
1479,43,1600,790,2390
1480,45,2600,350,2950
1481,46,1700,500,2200
1482,47,2050,550,2600
1483,45,1800,400,2200
1484,27,1800,600,2400
1485,49,1800,500,2300
1486,48,1999,625,2624
1487,48,2700,400,3100
1488,42,2500,400,2900
1489,41,1850,450,2300
1490,45,2400,400,2800
1491,56,3300,750,4050
1492,32,2000,0,2000
1493,50,2300,0,2300
1494,63,3000,0,3000
1495,34,1750,0,1750
1496,32,1750,0,1750
1497,50,2600,702,3302
1498,55,2600,605,3205
1499,48,2000,0,2000
1500,28,1600,1,1601
1501,35,1700,430,2130
1502,44,2100,400,2500
1503,43,2200,500,2700
1504,72,2700,700,3400
1505,42,970,295,1265
1506,40,2500,0,2500
1507,82,4500,0,4500
1508,57,3000,0,3000
1509,50,2400,0,2400
1510,31,2199,0,2199
1511,54,2600,0,2600
1512,40,2000,470,2470
1513,39,2500,0,2500
1514,30,2400,0,2400
1515,54,2200,1,2201
1516,20,1700,0,1700
1517,47,3000,700,3700
1518,39,1800,470,2270
1519,62,3200,0,3200
1520,31,1900,0,1900
1521,48,2700,0,2700
1522,24,1850,0,1850
1523,41,1600,530,2130
1524,41,1950,500,2450
1525,150,7500,0,7500
1526,52,2200,660,2860
1527,90,2500,1325,3825
1528,43,1700,400,2100
1529,38,1700,0,1700
1530,34,2050,290,2340
1531,72,2700,0,2700
1532,37,1800,1,1801
1533,41,1750,460,2210
1534,27,1790,0,1790
1535,62,8500,0,8500
1536,78,2600,500,3100
1537,63,2300,650,2950
1538,49,2500,0,2500
1539,55,2704,520,3224
1540,20,1999,1,2000
1541,40,2700,0,2700
1542,38,2000,0,2000
1543,44,1700,680,2380
1544,60,2400,400,2800
1545,57,1800,700,2500
1546,42,1200,600,1800
1547,50,2500,520,3020
1548,45,1890,0,1890
1549,75,4300,0,4300
1550,25,1700,0,1700
1551,97,3950,0,3950
1552,35,1850,0,1850
1553,41,2200,527,2727
1554,63,2300,500,2800
1555,51,2100,250,2350
1556,40,2150,0,2150
1557,25,1600,240,1840
1558,45,2400,0,2400
1559,80,3000,0,3000
1560,38,2400,500,2900
1561,56,2300,0,2300
1562,24,1400,500,1900
1563,47,2900,0,2900
1564,60,2000,0,2000
1565,24,1500,325,1825
1566,20,1450,350,1800
1567,22,1450,0,1450
1568,43,2500,0,2500
1569,35,2300,200,2500
1570,48,2500,470,2970
1571,39,1700,400,2100
1572,65,3000,0,3000
1573,15,1100,250,1350
1574,37,2950,0,2950
1575,43,1500,650,2150
1576,43,2000,0,2000
1577,19,1300,100,1400
1578,47,2500,500,3000
1579,49,2700,550,3250
1580,72,2900,1065,3965
1581,20,2300,0,2300
1582,38,1700,500,2200
1583,42,1500,400,1900
1584,38,1700,350,2050
1585,26,1590,0,1590
1586,42,1800,400,2200
1587,50,1700,500,2200
1588,86,5000,1000,6000
1589,49,1600,500,2100
1590,46,2500,0,2500
1591,27,2000,0,2000
1592,50,2500,0,2500
1593,39,2350,0,2350
1594,70,3200,0,3200
1595,80,14500,0,14500
1596,38,2150,0,2150
1597,90,4000,0,4000
1598,50,2350,500,2850
1599,30,2000,150,2150
1600,34,1050,0,1050
1601,62,2500,0,2500
1602,48,3600,1,3601
1603,44,2250,350,2600
1604,35,2600,0,2600
1605,62,4000,0,4000
1606,50,2500,500,3000
1607,32,2300,0,2300
1608,20,1450,0,1450
1609,62,5500,0,5500
1610,45,2500,450,2950
1611,76,4600,1000,5600
1612,37,2090,300,2390
1613,25,1650,0,1650
1614,83,4500,600,5100
1615,50,1800,500,2300
1616,37,1900,0,1900
1617,40,1950,1,1951
1618,40,2000,450,2450
1619,39,2200,415,2615
1620,47,2500,0,2500
1621,130,6500,0,6500
1622,47,2300,1,2301
1623,31,1750,350,2100
1624,50,3000,0,3000
1625,43,2100,440,2540
1626,38,2000,0,2000
1627,45,2800,0,2800
1628,50,2600,540,3140
1629,30,1500,310,1810
1630,55,1800,600,2400
1631,38,2200,0,2200
1632,46,2150,0,2150
1633,56,2200,0,2200
1634,38,1700,600,2300
1635,49,1800,500,2300
1636,57,3200,0,3200
1637,35,1590,0,1590
1638,60,2300,500,2800
1639,25,1700,300,2000
1640,28,2250,0,2250
1641,35,2450,200,2650
1642,108,3890,1000,4890
1643,76,4500,725,5225
1644,56,2500,0,2500
1645,21,2000,450,2450
1646,48,2100,0,2100
1647,48,2500,123,2623
1648,52,2600,0,2600
1649,50,2000,500,2500
1650,40,2200,0,2200
1651,37,2990,0,2990
1652,45,2000,700,2700
1653,52,2400,0,2400
1654,55,2950,0,2950
1655,40,2000,200,2200
1656,27,1700,360,2060
1657,49,3000,1,3001
1658,45,2600,0,2600
1659,34,2000,0,2000
1660,99,6900,0,6900
1661,46,1900,700,2600
1662,96,4900,0,4900
1663,39,2400,0,2400
1664,40,3000,500,3500
1665,140,7000,0,7000
1666,38,1500,500,2000
1667,19,1500,185,1685
1668,51,1800,520,2320
1669,45,2700,0,2700
1670,39,2300,600,2900
1671,20,1500,250,1750
1672,68,4900,570,5470
1673,38,2190,0,2190
1674,42,2200,430,2630
1675,35,2200,0,2200
1676,40,1550,450,2000
1677,89,2000,890,2890
1678,35,2300,200,2500
1679,111,4650,0,4650
1680,30,1750,0,1750
1681,55,2700,0,2700
1682,51,2600,0,2600
1683,31,1600,500,2100
1684,74,3600,0,3600
1685,18,1300,300,1600
1686,32,1200,400,1600
1687,36,1900,450,2350
1688,56,2400,0,2400
1689,43,2000,370,2370
1690,22,1550,350,1900
1691,48,1400,0,1400
1692,47,1700,437,2137
1693,17,1100,300,1400
1694,49,2400,0,2400
1695,40,3350,0,3350
1696,35,1700,0,1700
1697,39,2598,0,2598
1698,50,2200,500,2700
1699,12,800,0,800
1700,26,1600,300,1900
1701,42,2660,0,2660
1702,28,1600,0,1600
1703,12,1150,150,1300
1704,43,2500,410,2910
1705,43,2100,0,2100
1706,55,1999,638,2637
1707,28,2100,0,2100
1708,45,2700,0,2700
1709,26,1570,300,1870
1710,29,1850,350,2200
1711,46,1200,0,1200
1712,53,2400,0,2400
1713,29,1800,0,1800
1714,63,3200,560,3760
1715,40,2449,250,2699
1716,71,3900,0,3900
1717,46,2400,0,2400
1718,33,1950,250,2200
1719,42,1600,500,2100
1720,40,1300,500,1800
1721,45,2500,400,2900
1722,39,2290,450,2740
1723,34,1950,300,2250
1724,127,5900,0,5900
1725,43,2100,0,2100
1726,42,1800,450,2250
1727,35,2100,475,2575
1728,38,2000,0,2000
1729,26,1999,0,1999
1730,51,2650,0,2650
1731,34,1600,385,1985
1732,44,2900,0,2900
1733,48,2000,500,2500
1734,53,2400,0,2400
1735,45,2700,0,2700
1736,50,2700,0,2700
1737,36,2650,1,2651
1738,30,2500,0,2500
1739,80,4800,0,4800
1740,45,2600,0,2600
1741,36,2000,0,2000
1742,31,2300,50,2350
1743,37,1900,600,2500
1744,42,2400,0,2400
1745,35,2100,325,2425
1746,60,1700,843,2543
1747,35,1700,150,1850
1748,27,1700,1,1701
1749,28,1800,0,1800
1750,50,1800,600,2400
1751,42,2500,0,2500
1752,52,2200,400,2600
1753,87,2600,1,2601
1754,27,1850,0,1850
1755,120,3400,1200,4600
1756,56,1700,650,2350
1757,54,2500,0,2500
1758,55,2000,500,2500
1759,58,2800,525,3325
1760,38,1800,470,2270
1761,31,1500,395,1895
1762,40,2000,450,2450
1763,39,2500,0,2500
1764,45,1700,400,2100
1765,61,3900,385,4285
1766,31,2500,0,2500
1767,16,1700,0,1700
1768,37,1800,0,1800
1769,116,5500,0,5500
1770,60,3190,0,3190
1771,50,2000,1,2001
1772,25,1750,0,1750
1773,54,3100,695,3795
1774,50,3000,0,3000
1775,38,2300,0,2300
1776,46,2100,500,2600
1777,37,1800,0,1800
1778,25,1600,300,1900
1779,55,2500,350,2850
1780,32,2200,420,2620
1781,45,2900,0,2900
1782,25,1550,250,1800
1783,30,1600,0,1600
1784,37,1700,400,2100
1785,102,4000,0,4000
1786,40,2000,0,2000
1787,50,2600,0,2600
1788,79,3300,440,3740
1789,43,2600,0,2600
1790,37,2000,550,2550
1791,40,2500,0,2500
1792,54,1650,600,2250
1793,78,4200,0,4200
1794,35,1600,600,2200
1795,47,2490,0,2490
1796,39,1800,300,2100
1797,55,2750,478,3228
1798,58,3750,370,4120
1799,27,1900,460,2360
1800,32,2350,0,2350
1801,42,1800,300,2100
1802,32,2400,50,2450
1803,61,2850,550,3400
1804,37,1750,0,1750
1805,70,4200,0,4200
1806,40,2400,50,2450
1807,58,3950,540,4490
1808,64,2800,500,3300
1809,50,2900,0,2900
1810,46,2100,567,2667
1811,32,2400,430,2830
1812,60,2900,150,3050
1813,64,2900,730,3630
1814,31,1700,0,1700
1815,45,2600,0,2600
1816,32,3500,0,3500
1817,47,3950,0,3950
1818,51,2500,0,2500
1819,45,1700,0,1700
1820,25,1583,240,1823
1821,43,1900,500,2400
1822,24,1800,0,1800
1823,56,2100,50,2150
1824,32,1000,0,1000
1825,28,1400,400,1800
1826,40,1999,0,1999
1827,46,1800,500,2300
1828,38,2000,0,2000
1829,58,2200,650,2850
1830,49,2600,0,2600
1831,52,2600,0,2600
1832,48,2000,0,2000
1833,60,7200,1,7201
1834,38,1700,0,1700
1835,35,2000,300,2300
1836,43,2050,550,2600
1837,45,3200,0,3200
1838,38,1800,0,1800
1839,33,2000,0,2000
1840,50,2500,0,2500
1841,40,2000,400,2400
1842,26,1600,180,1780
1843,57,2800,0,2800
1844,27,1700,0,1700
1845,27,1950,0,1950
1846,56,2400,0,2400
1847,38,1800,580,2380
1848,28,1600,1,1601
1849,60,3500,0,3500
1850,38,1750,450,2200
1851,67,2600,0,2600
1852,37,2400,0,2400
1853,44,2000,0,2000
1854,39,2100,0,2100
1855,30,1900,0,1900
1856,38,2100,500,2600
1857,52,2200,450,2650
1858,27,1650,1,1651
1859,50,2000,0,2000
1860,90,4800,700,5500
1861,20,1300,300,1600
1862,47,3300,0,3300
1863,38,1500,200,1700
1864,38,2508,0,2508
1865,56,2800,600,3400
1866,50,1250,600,1850
1867,62,2400,530,2930
1868,55,3000,0,3000
1869,43,1300,550,1850
1870,63,2750,650,3400
1871,35,1500,240,1740
1872,50,2300,1,2301
1873,86,4000,700,4700
1874,60,3600,720,4320
1875,57,3200,400,3600
1876,35,2000,0,2000
1877,60,2500,645,3145
1878,83,2800,1125,3925
1879,29,2350,350,2700
1880,36,2290,0,2290
1881,40,2000,1,2001
1882,35,1900,0,1900
1883,36,2400,0,2400
1884,84,2900,1200,4100
1885,17,1290,350,1640
1886,17,1200,0,1200
1887,31,1500,450,1950
1888,42,2200,300,2500
1889,34,1800,0,1800
1890,56,3690,600,4290
1891,43,2200,300,2500
1892,47,1800,500,2300
1893,50,2800,0,2800
1894,31,1950,350,2300
1895,61,3000,0,3000
1896,40,1850,0,1850
1897,33,2000,0,2000
1898,49,2000,700,2700
1899,35,2150,230,2380
1900,43,2500,500,3000
1901,53,1900,698,2598
1902,38,1800,700,2500
1903,45,2000,430,2430
1904,40,2200,0,2200
1905,90,3500,0,3500
1906,36,1700,0,1700
1907,42,1850,300,2150
1908,60,2500,500,3000
1909,48,2800,0,2800
1910,37,1500,450,1950
1911,78,3500,0,3500
1912,35,2250,150,2400
1913,44,2200,0,2200
1914,55,2900,0,2900
1915,42,2600,0,2600
1916,34,2000,0,2000
1917,36,1600,0,1600
1918,50,2300,0,2300
1919,56,3600,0,3600
1920,44,2000,0,2000
1921,60,2500,480,2980
1922,63,2500,250,2750
1923,25,2950,0,2950
1924,56,2550,0,2550
1925,40,2999,0,2999
1926,43,2600,0,2600
1927,35,1900,420,2320
1928,54,2100,0,2100
1929,33,1900,300,2200
1930,56,1700,800,2500
1931,39,2200,400,2600
1932,26,1700,470,2170
1933,37,1900,0,1900
1934,90,3500,0,3500
1935,67,1950,750,2700
1936,46,2500,0,2500
1937,41,2800,570,3370
1938,31,2000,500,2500
1939,37,1900,400,2300
1940,89,2999,0,2999
1941,42,2000,0,2000
1942,55,1500,700,2200
1943,59,1850,750,2600
1944,41,2500,520,3020
1945,94,430,0,430
1946,33,1300,0,1300
1947,67,3100,1,3101
1948,41,2300,0,2300
1949,25,1425,240,1665
1950,40,1700,400,2100
1951,82,3000,1100,4100
1952,38,2050,450,2500
1953,38,1800,0,1800
1954,44,2000,500,2500
1955,50,2300,0,2300
1956,28,1650,338,1988
1957,55,2200,0,2200
1958,32,1600,420,2020
1959,95,3600,0,3600
1960,50,2500,0,2500
1961,42,1900,500,2400
1962,53,2700,0,2700
1963,23,1690,1,1691
1964,52,3000,540,3540
1965,38,1300,500,1800
1966,35,2000,450,2450
1967,32,2300,0,2300
1968,50,2700,500,3200
1969,33,2000,350,2350
1970,45,1800,200,2000
1971,67,3400,1000,4400
1972,65,1950,650,2600
1973,55,3000,0,3000
1974,47,1990,510,2500
1975,60,2000,500,2500
1976,95,3900,0,3900
1977,42,2000,500,2500
1978,60,2200,470,2670
1979,59,2100,700,2800
1980,43,2500,1,2501
1981,24,1400,0,1400
1982,39,1700,300,2000
1983,58,1900,450,2350
1984,59,3400,0,3400
1985,44,3500,0,3500
1986,34,900,600,1500
1987,117,5500,0,5500
1988,50,2000,500,2500
1989,70,4000,800,4800
1990,36,2400,0,2400
1991,42,2300,600,2900
1992,50,2400,0,2400
1993,67,3200,0,3200
1994,32,1600,500,2100
1995,28,1765,230,1995
1996,55,2100,670,2770
1997,27,1650,0,1650
1998,56,1500,650,2150
1999,53,1950,550,2500
2000,48,1850,485,2335
2001,35,1600,450,2050
2002,63,2800,1,2801
2003,50,2500,0,2500
2004,48,1950,400,2350
2005,53,2600,0,2600
2006,42,2400,0,2400
2007,50,2900,400,3300
2008,28,2400,0,2400
2009,60,3500,1,3501
2010,49,1850,650,2500
2011,54,1990,330,2320
2012,40,1900,550,2450
2013,63,2500,500,3000
2014,37,1800,500,2300
2015,55,4000,0,4000
2016,54,2500,0,2500
2017,39,2300,0,2300
2018,36,2500,0,2500
2019,53,2500,836,3336
2020,46,1650,450,2100
2021,40,1850,0,1850
2022,38,1650,0,1650
2023,38,1950,0,1950
2024,45,2000,0,2000
2025,33,1450,450,1900
2026,36,1700,0,1700
2027,53,1500,600,2100
2028,45,2300,0,2300
2029,46,2100,200,2300
2030,57,4900,400,5300
2031,56,2500,0,2500
2032,40,2850,580,3430
2033,25,1450,300,1750
2034,49,2400,0,2400
2035,47,1590,0,1590
2036,84,4200,0,4200
2037,40,2000,1,2001
2038,30,1750,0,1750
2039,74,3500,0,3500
2040,30,1500,450,1950
2041,70,3000,300,3300
2042,80,6000,0,6000
2043,41,3200,0,3200
2044,25,1399,0,1399
2045,19,1500,350,1850
2046,62,2500,500,3000
2047,28,2000,1,2001
2048,28,2000,0,2000
2049,56,2700,0,2700
2050,25,1999,0,1999
2051,55,1350,450,1800
2052,68,2500,500,3000
2053,62,2200,150,2350
2054,49,2000,500,2500
2055,32,1850,0,1850
2056,38,1900,500,2400
2057,71,3400,400,3800
2058,40,2500,0,2500
2059,40,1900,400,2300
2060,36,1600,0,1600
2061,28,1900,0,1900
2062,53,2300,400,2700
2063,53,2400,0,2400
2064,24,1299,370,1669
2065,50,1750,450,2200
2066,30,2300,0,2300
2067,61,3500,500,4000
2068,38,1050,575,1625
2069,86,2200,817,3017
2070,44,1600,550,2150
2071,45,2000,550,2550
2072,31,1900,0,1900
2073,35,2150,1,2151
2074,28,2000,0,2000
2075,53,3000,0,3000
2076,41,1800,466,2266
2077,20,1400,0,1400
2078,67,2500,786,3286
2079,50,2100,660,2760
2080,41,2700,0,2700
2081,38,2000,500,2500
2082,60,3500,705,4205
2083,56,2685,520,3205
2084,40,2700,450,3150
2085,29,1200,450,1650
2086,25,1410,240,1650
2087,43,1800,400,2200
2088,35,1900,0,1900
2089,38,2500,310,2810
2090,41,2400,0,2400
2091,14,1300,185,1485
2092,43,1800,550,2350
2093,35,1900,350,2250
2094,20,1600,0,1600
2095,140,3900,500,4400
2096,36,1800,0,1800
2097,50,3500,0,3500
2098,33,1950,300,2250
2099,64,3200,400,3600
2100,54,2200,420,2620
2101,80,5000,0,5000
2102,30,1750,450,2200
2103,58,2100,470,2570
2104,37,2200,400,2600
2105,120,4500,1000,5500
2106,63,2700,0,2700
2107,30,1700,250,1950
2108,47,2100,600,2700
2109,57,2299,520,2819
2110,34,2695,350,3045
2111,39,2200,0,2200
2112,52,2100,550,2650
2113,30,1800,450,2250
2114,48,2200,600,2800
2115,27,2500,0,2500
2116,100,13000,0,13000
2117,21,1200,0,1200
2118,87,3000,0,3000
2119,47,1700,450,2150
2120,69,2990,0,2990
2121,50,3000,0,3000
2122,51,2500,400,2900
2123,26,1600,0,1600
2124,46,2200,1,2201
2125,30,2000,0,2000
2126,60,2550,0,2550
2127,43,2200,0,2200
2128,60,2750,0,2750
2129,55,2200,700,2900
2130,35,1550,450,2000
2131,40,2000,700,2700
2132,36,2250,2250,4500
2133,28,1600,200,1800
2134,45,2900,0,2900
2135,68,3000,550,3550
2136,43,2750,1,2751
2137,45,2200,410,2610
2138,50,1550,650,2200
2139,38,2700,500,3200
2140,40,2400,0,2400
2141,30,1800,0,1800
2142,27,2000,0,2000
2143,36,1800,0,1800
2144,36,1600,150,1750
2145,47,2659,0,2659
2146,47,1900,700,2600
2147,80,5500,0,5500
2148,39,2550,0,2550
2149,33,1700,0,1700
2150,26,1650,350,2000
2151,37,1400,0,1400
2152,51,2800,0,2800
2153,60,2500,1,2501
2154,30,1800,0,1800
2155,49,2800,458,3258
2156,36,1900,200,2100
2157,52,2250,1,2251
2158,42,2400,500,2900
2159,40,2500,0,2500
2160,160,7950,0,7950
2161,27,1400,350,1750
2162,51,2950,280,3230
2163,40,2200,550,2750
2164,45,2790,0,2790
2165,49,2700,528,3228
2166,27,1800,400,2200
2167,26,2000,300,2300
2168,31,1800,380,2180
2169,59,2300,700,3000
2170,43,2800,0,2800
2171,56,2200,700,2900
2172,50,2300,500,2800
2173,54,2200,1,2201
2174,56,2100,0,2100
2175,42,2450,0,2450
2176,90,4900,0,4900
2177,31,1450,450,1900
2178,33,1150,440,1590
2179,28,1450,1,1451
2180,48,2900,500,3400
2181,50,2600,600,3200
2182,40,1550,150,1700
2183,46,1800,500,2300
2184,48,2800,200,3000
2185,48,1900,700,2600
2186,60,2700,0,2700
2187,83,4100,780,4880
2188,27,1400,0,1400
2189,43,2500,0,2500
2190,40,2500,400,2900
2191,26,1900,0,1900
2192,181,9900,600,10500
2193,43,2600,0,2600
2194,50,2600,500,3100
2195,78,2699,687,3386
2196,30,1800,0,1800
2197,34,1700,350,2050
2198,30,1500,500,2000
2199,76,3500,1,3501
2200,48,3000,375,3375
2201,45,2400,500,2900
2202,36,2400,600,3000
2203,46,1500,520,2020
2204,34,1950,0,1950
2205,49,2500,0,2500
2206,30,1750,250,2000
2207,40,1500,550,2050
2208,125,6500,580,7080
2209,57,3100,600,3700
2210,48,2300,0,2300
2211,57,2300,0,2300
2212,34,1950,0,1950
2213,57,3200,0,3200
2214,47,3600,0,3600
2215,50,2800,0,2800
2216,55,1850,550,2400
2217,80,2900,600,3500
2218,48,1999,500,2499
2219,47,2500,0,2500
2220,69,2100,800,2900
2221,29,1900,0,1900
2222,36,2200,1,2201
2223,31,1900,0,1900
2224,27,2200,350,2550
2225,45,1600,540,2140
2226,72,2300,650,2950
2227,23,1600,300,1900
2228,52,2100,500,2600
2229,16,900,0,900
2230,42,2300,0,2300
2231,31,2000,350,2350
2232,67,4100,0,4100
2233,35,1800,380,2180
2234,62,2550,0,2550
2235,84,2750,220,2970
2236,44,1750,450,2200
2237,38,2100,350,2450
2238,49,2100,0,2100
2239,36,1800,0,1800
2240,89,3500,0,3500
2241,21,1800,0,1800
2242,34,1800,0,1800
2243,46,2000,380,2380
2244,28,1600,0,1600
2245,43,2890,0,2890
2246,58,2600,400,3000
2247,48,2300,0,2300
2248,50,2100,0,2100
2249,69,2000,500,2500
2250,32,1800,0,1800
2251,44,1850,250,2100
2252,40,2000,0,2000
2253,36,2300,0,2300
2254,18,1395,300,1695
2255,48,2900,0,2900
2256,28,1500,477,1977
2257,61,2800,0,2800
2258,61,2900,0,2900
2259,64,3700,0,3700
2260,28,1790,280,2070
2261,37,1850,530,2380
2262,28,2200,0,2200
2263,33,2334,0,2334
2264,32,1600,400,2000
2265,36,2000,460,2460
2266,38,2500,150,2650
2267,117,11000,0,11000
2268,72,5900,0,5900
2269,50,1800,0,1800
2270,60,3200,0,3200
2271,33,1700,0,1700
2272,50,3000,500,3500
2273,36,2000,0,2000
2274,27,1850,0,1850
2275,50,2500,0,2500
2276,32,1650,0,1650
2277,41,2450,490,2940
2278,85,4100,0,4100
2279,45,3200,600,3800
2280,53,2100,0,2100
2281,35,2100,400,2500
2282,41,2990,500,3490
2283,36,1850,420,2270
2284,53,2350,600,2950
2285,80,4100,950,5050
2286,54,2500,0,2500
2287,16,1200,230,1430
2288,42,1850,0,1850
2289,38,1700,120,1820
2290,38,2100,500,2600
2291,30,2100,400,2500
2292,53,2600,0,2600
2293,38,1950,450,2400
2294,32,2000,350,2350
2295,43,2750,490,3240
2296,30,2000,290,2290
2297,45,2100,650,2750
2298,51,3000,0,3000
2299,44,2100,700,2800
2300,39,1900,300,2200
2301,42,2000,0,2000
2302,46,1800,550,2350
2303,38,2000,0,2000
2304,38,1850,0,1850
2305,35,2500,482,2982
2306,50,2290,0,2290
2307,51,3300,0,3300
2308,35,2300,200,2500
2309,80,3500,800,4300
2310,51,2500,0,2500
2311,20,1500,300,1800
2312,30,1800,450,2250
2313,30,1400,317,1717
2314,43,2300,300,2600
2315,54,2350,1,2351
2316,40,2400,0,2400
2317,47,2300,0,2300
2318,73,1999,1000,2999
2319,57,3200,300,3500
2320,53,4300,200,4500
2321,50,3800,450,4250
2322,52,2800,0,2800
2323,45,2200,600,2800
2324,22,1500,0,1500
2325,40,1800,570,2370
2326,20,1570,300,1870
2327,17,1500,0,1500
2328,34,1400,250,1650
2329,35,2300,700,3000
2330,32,1800,0,1800
2331,38,1900,0,1900
2332,41,2800,0,2800
2333,36,2100,400,2500
2334,67,2600,0,2600
2335,36,2100,300,2400
2336,30,1700,400,2100
2337,35,2200,360,2560
2338,42,2300,0,2300
2339,56,1700,200,1900
2340,31,2000,0,2000
2341,30,2350,1,2351
2342,39,3200,0,3200
2343,37,2000,1,2001
2344,43,2000,1,2001
2345,25,1200,380,1580
2346,54,3000,0,3000
2347,27,1500,0,1500
2348,50,1790,560,2350
2349,40,1450,500,1950
2350,54,2500,0,2500
2351,68,3000,0,3000
2352,53,2200,500,2700
2353,41,2800,0,2800
2354,36,2000,0,2000
2355,50,2900,570,3470
2356,33,1860,0,1860
2357,50,3200,530,3730
2358,54,2400,400,2800
2359,56,1950,670,2620
2360,46,2200,0,2200
2361,21,1600,300,1900
2362,38,2300,300,2600
2363,41,2200,400,2600
2364,44,2500,0,2500
2365,39,2750,0,2750
2366,56,2600,600,3200
2367,46,1400,600,2000
2368,43,2100,200,2300
2369,44,1400,500,1900
2370,47,2200,0,2200
2371,28,2350,0,2350
2372,27,1700,299,1999
2373,69,2400,1,2401
2374,60,3000,0,3000
2375,44,1900,600,2500
2376,25,1700,0,1700
2377,40,1850,0,1850
2378,52,2000,0,2000
2379,75,2700,0,2700
2380,40,1600,350,1950
2381,45,2500,500,3000
2382,58,2500,0,2500
2383,38,1700,350,2050
2384,86,4200,750,4950
2385,40,2500,0,2500
2386,65,3500,900,4400
2387,50,2300,550,2850
2388,30,2300,1,2301
2389,42,2000,0,2000
2390,45,1500,550,2050
2391,40,2100,400,2500
2392,26,1500,350,1850
2393,36,2400,0,2400
2394,20,1450,300,1750
2395,38,2300,450,2750
2396,43,2200,0,2200
2397,45,1700,500,2200
2398,30,1750,250,2000
2399,29,1700,420,2120
2400,38,2600,1,2601
2401,60,3500,0,3500
2402,28,2000,0,2000
2403,40,1700,400,2100
2404,30,1100,500,1600
2405,75,3100,700,3800
2406,25,1690,1,1691
2407,47,2500,650,3150
2408,38,2200,0,2200
2409,39,1600,400,2000
2410,45,2500,400,2900
2411,50,1800,600,2400
2412,41,2500,0,2500
2413,33,1250,400,1650
2414,74,2700,700,3400
2415,38,1900,0,1900
2416,31,1500,450,1950
2417,26,1600,300,1900
2418,30,1800,260,2060
2419,44,2300,325,2625
2420,27,1700,0,1700
2421,32,2000,200,2200
2422,24,1800,400,2200
2423,49,1980,680,2660
2424,43,2000,0,2000
2425,65,2700,350,3050
2426,50,2950,0,2950
2427,37,1800,0,1800
2428,37,1999,0,1999
2429,23,1300,0,1300
2430,73,2800,0,2800
2431,38,2300,0,2300
2432,60,2650,0,2650
2433,56,2200,0,2200
2434,55,2000,500,2500
2435,54,1800,600,2400
2436,54,2800,0,2800
2437,47,2450,0,2450
2438,41,1700,500,2200
2439,44,1600,0,1600
2440,29,1300,370,1670
2441,34,2300,450,2750
2442,50,1500,0,1500
2443,55,2999,0,2999
2444,33,1250,300,1550
2445,50,2900,570,3470
2446,38,2299,1,2300
2447,30,2150,360,2510
2448,55,2600,500,3100
2449,44,3000,0,3000
2450,34,1900,450,2350
2451,37,2700,0,2700
2452,47,2000,0,2000
2453,52,2400,0,2400
2454,47,1900,0,1900
2455,38,2999,1,3000
2456,45,2500,0,2500
2457,36,3200,0,3200
2458,40,2300,0,2300
2459,30,1900,0,1900
2460,30,1700,0,1700
2461,36,1800,400,2200
2462,40,1800,430,2230
2463,62,2400,500,2900
2464,25,2100,400,2500
2465,57,1900,600,2500
2466,54,2000,500,2500
2467,41,2400,350,2750
2468,36,1700,150,1850
2469,33,1800,400,2200
2470,45,2600,500,3100
2471,37,1700,0,1700
2472,132,3790,0,3790
2473,65,5800,1,5801
2474,43,1950,350,2300
2475,26,1450,0,1450
2476,41,2600,1,2601
2477,28,1800,416,2216
2478,76,1980,460,2440
2479,29,1850,420,2270
2480,41,2700,0,2700
2481,68,3500,720,4220
2482,30,1499,0,1499
2483,53,3000,0,3000
2484,40,2500,1,2501
2485,23,1600,0,1600
2486,97,3000,980,3980
2487,42,2190,450,2640
2488,24,1200,400,1600
2489,28,1650,0,1650
2490,30,2200,0,2200
2491,71,3750,0,3750
2492,61,3200,0,3200
2493,48,2500,0,2500
2494,32,2500,380,2880
2495,35,2300,200,2500
2496,49,2350,0,2350
2497,84,6500,150,6650
2498,43,1900,400,2300
2499,42,1750,450,2200
2500,43,1920,580,2500
2501,38,2800,0,2800
2502,93,6500,1400,7900
2503,85,3600,0,3600
2504,32,2100,0,2100
2505,43,2300,600,2900
2506,24,1600,0,1600
2507,50,2600,0,2600
2508,34,2350,1,2351
2509,48,2700,0,2700
2510,44,2300,0,2300
2511,33,1700,0,1700
2512,39,2600,0,2600
2513,27,2500,0,2500
2514,33,2500,0,2500
2515,27,1650,0,1650
2516,53,3800,800,4600
2517,49,2999,150,3149
2518,54,3900,0,3900
2519,70,2100,800,2900
2520,38,1800,600,2400
2521,52,1950,635,2585
2522,30,1850,0,1850
2523,50,1600,400,2000
2524,50,2800,0,2800
2525,46,1800,500,2300
2526,45,2200,400,2600
2527,18,1149,149,1298
2528,34,2000,0,2000
2529,56,2900,0,2900
2530,38,2100,300,2400
2531,36,1400,0,1400
2532,38,1350,450,1800
2533,52,2000,600,2600
2534,52,2400,200,2600
2535,36,1750,0,1750
2536,47,2500,0,2500
2537,48,2180,420,2600
2538,37,2200,400,2600
2539,41,3300,0,3300
2540,35,2300,200,2500
2541,38,2275,310,2585
2542,36,2200,0,2200
2543,49,2800,0,2800
2544,30,2000,290,2290
2545,25,1850,0,1850
2546,29,1250,230,1480
2547,38,2200,0,2200
2548,32,2300,0,2300
2549,30,1700,0,1700
2550,67,3950,785,4735
2551,80,3600,0,3600
2552,45,1500,0,1500
2553,36,1450,550,2000
2554,35,1500,0,1500
2555,75,2950,0,2950
2556,57,2000,450,2450
2557,42,1800,400,2200
2558,53,2100,0,2100
2559,55,2900,1,2901
2560,38,1800,1,1801
2561,24,1400,350,1750
2562,55,3300,370,3670
2563,41,2200,450,2650
2564,47,2900,150,3050
2565,60,3000,0,3000
2566,54,2200,700,2900
2567,46,2400,0,2400
2568,19,1800,0,1800
2569,47,2100,130,2230
2570,55,2730,520,3250
2571,48,2000,0,2000
2572,34,1500,275,1775
2573,48,2000,350,2350
2574,70,3500,0,3500
2575,37,2000,1,2001
2576,40,2450,0,2450
2577,45,1800,700,2500
2578,50,2000,0,2000
2579,55,2400,0,2400
2580,42,2600,0,2600
2581,25,1650,300,1950
2582,28,1330,370,1700
2583,38,2200,0,2200
2584,60,2500,600,3100
2585,36,2500,402,2902
2586,28,1600,450,2050
2587,66,2999,650,3649
2588,48,1900,450,2350
2589,68,2550,550,3100
2590,17,1350,350,1700
2591,45,2600,0,2600
2592,13,950,0,950
2593,51,2250,430,2680
2594,36,1800,50,1850
2595,29,2200,0,2200
2596,32,1900,1,1901
2597,36,2000,100,2100
2598,20,1650,0,1650
2599,50,3500,400,3900
2600,24,1500,250,1750
2601,63,3850,0,3850
2602,50,2100,600,2700
2603,57,2700,0,2700
2604,45,1800,540,2340
2605,17,1260,240,1500
2606,25,1500,250,1750
2607,48,2100,1,2101
2608,35,1700,400,2100
2609,56,2500,0,2500
2610,65,2300,1,2301
2611,52,2650,0,2650
2612,31,1400,400,1800
2613,59,2600,0,2600
2614,18,2000,0,2000
2615,20,1700,0,1700
2616,42,2500,400,2900
2617,47,2800,0,2800
2618,41,2500,350,2850
2619,61,3000,800,3800
2620,40,2300,450,2750
2621,24,1500,300,1800
2622,90,7000,1000,8000
2623,35,1700,350,2050
2624,46,2500,0,2500
2625,31,1600,0,1600
2626,40,2100,0,2100
2627,42,1900,0,1900
2628,40,2600,600,3200
2629,37,1800,0,1800
2630,21,1900,0,1900
2631,40,2500,510,3010
2632,51,3100,0,3100
2633,44,2300,547,2847
2634,44,2700,480,3180
2635,47,2300,0,2300
2636,39,1950,400,2350
2637,37,2000,500,2500
2638,42,1900,0,1900
2639,31,1700,0,1700
2640,55,2300,700,3000
2641,51,2600,700,3300
2642,48,2200,0,2200
2643,40,2300,450,2750
2644,39,2200,0,2200
2645,35,1760,541,2301
2646,31,1500,300,1800
2647,80,3000,0,3000
2648,31,1400,400,1800
2649,39,2100,390,2490
2650,40,2300,450,2750
2651,26,1850,350,2200
2652,49,2300,0,2300
2653,21,1800,0,1800
2654,47,2100,650,2750
2655,70,2500,0,2500
2656,33,2600,0,2600
2657,30,1800,0,1800
2658,48,2500,0,2500
2659,49,2500,0,2500
2660,100,6800,0,6800
2661,80,3800,700,4500
2662,40,2000,0,2000
2663,32,1500,0,1500
2664,60,2790,0,2790
2665,28,2000,0,2000
2666,43,2500,1,2501
2667,42,1550,450,2000
2668,43,2700,0,2700
2669,45,2500,400,2900
2670,40,1700,500,2200
2671,72,3490,0,3490
2672,70,3000,0,3000
2673,50,2900,0,2900
2674,61,2290,0,2290
2675,36,2700,0,2700
2676,50,2800,0,2800
2677,38,1500,499,1999
2678,80,600,0,600
2679,42,1400,540,1940
2680,40,1500,0,1500
2681,28,1650,0,1650
2682,56,2000,500,2500
2683,42,2190,0,2190
2684,35,1700,400,2100
2685,54,2200,0,2200
2686,27,1650,1,1651
2687,30,2150,0,2150
2688,91,2500,850,3350
2689,40,1800,0,1800
2690,35,1500,433,1933
2691,21,1550,0,1550
2692,40,2500,0,2500
2693,42,2850,0,2850
2694,48,2600,0,2600
2695,35,2250,0,2250
2696,39,2350,1000,3350
2697,68,2990,0,2990
2698,60,3400,0,3400
2699,44,3500,0,3500
2700,34,1500,460,1960
2701,35,2450,300,2750
2702,56,2300,0,2300
2703,25,1100,500,1600
2704,41,2200,480,2680
2705,35,1250,400,1650
2706,47,2600,0,2600
2707,54,1690,592,2282
2708,82,2200,800,3000
2709,42,2400,500,2900
2710,30,1900,0,1900
2711,41,2900,495,3395
2712,33,1500,1,1501
2713,822,3600,0,3600
2714,55,2800,500,3300
2715,51,2200,500,2700
2716,29,1750,0,1750
2717,56,2200,630,2830
2718,55,3100,0,3100
2719,32,1550,300,1850
2720,46,1900,500,2400
2721,42,1200,600,1800
2722,38,2000,0,2000
2723,52,4000,500,4500
2724,20,1850,300,2150
2725,37,2500,0,2500
2726,38,1650,630,2280
2727,25,2000,400,2400
2728,68,2100,800,2900
2729,48,2200,0,2200
2730,29,1700,0,1700
2731,34,1900,0,1900
2732,46,2700,0,2700
2733,38,2200,450,2650
2734,32,1800,360,2160
2735,60,3990,600,4590
2736,46,2500,0,2500
2737,39,2750,0,2750
2738,45,3800,500,4300
2739,41,2300,500,2800
2740,63,2200,650,2850
2741,40,1950,0,1950
2742,34,1700,420,2120
2743,49,2500,560,3060
2744,31,1450,400,1850
2745,26,1800,0,1800
2746,37,2150,0,2150
2747,30,1300,650,1950
2748,36,2200,0,2200
2749,19,1320,290,1610
2750,50,2050,0,2050
2751,41,2600,0,2600
2752,48,1599,0,1599
2753,50,2250,0,2250
2754,36,1520,430,1950
2755,22,1000,400,1400
2756,60,2200,800,3000
2757,52,1140,660,1800
2758,56,2500,350,2850
2759,47,2700,0,2700
2760,28,1700,250,1950
2761,50,2150,750,2900
2762,43,2650,0,2650
2763,20,1500,1,1501
2764,56,4590,1000,5590
2765,29,2300,0,2300
2766,45,2800,0,2800
2767,48,3000,0,3000
2768,42,2300,0,2300
2769,52,2900,0,2900
2770,37,2500,0,2500
2771,50,3800,600,4400
2772,24,1700,320,2020
2773,48,2950,0,2950
2774,47,2500,470,2970
2775,25,1200,400,1600
2776,56,2900,0,2900
2777,40,2700,450,3150
2778,50,3290,0,3290
2779,46,2800,0,2800
2780,45,2200,0,2200
2781,30,1950,450,2400
2782,33,2000,550,2550
2783,55,3000,0,3000
2784,14,900,0,900
2785,37,2300,0,2300
2786,51,1000,800,1800
2787,34,2000,460,2460
2788,56,2500,0,2500
2789,31,1600,0,1600
2790,67,2700,630,3330
2791,75,4000,0,4000
2792,80,2800,0,2800
2793,60,1700,600,2300
2794,29,1410,440,1850
2795,72,2500,900,3400
2796,60,2000,600,2600
2797,42,2000,0,2000
2798,29,1800,0,1800
2799,64,2200,600,2800
2800,25,1550,300,1850
2801,43,2500,500,3000
2802,28,2000,0,2000
2803,70,3000,0,3000
2804,18,1300,0,1300
2805,60,3200,0,3200
2806,61,2400,300,2700
2807,30,1800,355,2155
2808,65,2500,700,3200
2809,46,2900,0,2900
2810,37,2000,400,2400
2811,34,3500,0,3500
2812,31,1650,0,1650
2813,35,2500,0,2500
2814,36,1500,430,1930
2815,27,1800,0,1800
2816,80,2550,950,3500
2817,53,2950,0,2950
2818,48,2200,0,2200
2819,44,1800,0,1800
2820,25,1850,0,1850
2821,36,2190,0,2190
2822,38,1700,550,2250
2823,63,2650,0,2650
2824,53,2400,600,3000
2825,33,1250,300,1550
2826,43,2100,550,2650
2827,27,1800,0,1800
2828,47,2800,1,2801
2829,38,1950,0,1950
2830,33,1200,300,1500
2831,50,2300,550,2850
2832,60,3000,0,3000
2833,39,1500,580,2080
2834,63,1900,500,2400
2835,60,4500,0,4500
2836,21,1550,50,1600
2837,50,2500,0,2500
2838,46,2000,0,2000
2839,50,2300,570,2870
2840,34,2400,0,2400
2841,38,1500,600,2100
2842,40,2340,150,2490
2843,64,2800,0,2800
2844,38,1900,0,1900
2845,53,2000,700,2700
2846,35,1700,0,1700
2847,37,2070,530,2600
2848,40,2600,0,2600
2849,25,1900,0,1900
2850,76,3400,800,4200
2851,43,1800,550,2350
2852,43,2200,0,2200
2853,44,2250,400,2650
2854,43,2500,0,2500
2855,34,1600,150,1750
2856,32,1850,460,2310
2857,30,1800,0,1800
2858,42,1800,500,2300
2859,80,2400,600,3000
2860,46,1700,600,2300
2861,46,2400,0,2400
2862,41,1700,300,2000
2863,37,1750,520,2270
2864,42,1850,1,1851
2865,41,2150,550,2700
2866,31,1999,500,2499
2867,30,2875,0,2875
2868,33,2000,400,2400
2869,34,1800,250,2050
2870,40,2700,150,2850
2871,32,1750,300,2050
2872,38,2290,0,2290
2873,35,1300,440,1740
2874,47,2500,0,2500
2875,40,3100,395,3495
2876,53,2000,710,2710
2877,36,2450,0,2450
2878,30,2150,0,2150
2879,50,2500,0,2500
2880,40,2200,300,2500
2881,56,3000,0,3000
2882,54,2200,0,2200
2883,30,1800,300,2100
2884,49,2200,0,2200
2885,39,1900,360,2260
2886,31,1300,0,1300
2887,55,2300,700,3000
2888,40,2200,500,2700
2889,32,1950,1,1951
2890,39,1800,0,1800
2891,34,1200,300,1500
2892,76,2690,0,2690
2893,30,1900,470,2370
2894,92,3700,0,3700
2895,40,1150,550,1700
2896,48,2000,0,2000
2897,44,1950,530,2480
2898,95,4500,0,4500
2899,49,2200,0,2200
2900,20,1350,250,1600
2901,50,2800,0,2800
2902,76,3600,800,4400
2903,32,1600,350,1950
2904,56,3500,0,3500
2905,49,2000,600,2600
2906,56,2250,0,2250
2907,102,3000,900,3900
2908,33,1750,0,1750
2909,55,1899,640,2539
2910,50,1500,600,2100
2911,29,2000,340,2340
2912,26,1200,0,1200
2913,47,1700,0,1700
2914,36,2350,430,2780
2915,45,1900,474,2374
2916,25,1600,0,1600
2917,48,2500,0,2500
2918,60,3200,0,3200
2919,57,2800,0,2800
2920,47,2600,600,3200
2921,53,2900,0,2900
2922,28,1800,0,1800
2923,36,2500,0,2500
2924,64,2300,700,3000
2925,26,1200,0,1200
2926,38,2200,0,2200
2927,50,2600,0,2600
2928,58,2600,0,2600
2929,23,1650,0,1650
2930,75,5000,0,5000
2931,36,1800,0,1800
2932,50,2900,400,3300
2933,55,1980,540,2520
2934,35,4000,600,4600
2935,38,1700,400,2100
2936,108,7000,1000,8000
2937,34,1300,370,1670
2938,52,2300,0,2300
2939,85,6300,0,6300
2940,33,2500,0,2500
2941,32,2750,0,2750
2942,45,2600,500,3100
2943,40,2400,470,2870
2944,40,2700,0,2700
2945,28,1950,288,2238
2946,39,2000,500,2500
2947,37,2300,100,2400
2948,37,2099,238,2337
2949,66,1900,662,2562
2950,28,2200,0,2200
2951,55,2500,0,2500
2952,56,3500,0,3500
2953,37,2300,100,2400
2954,49,2950,400,3350
2955,52,2800,0,2800
2956,20,1550,0,1550
2957,46,2350,380,2730
2958,45,2500,1,2501
2959,34,2100,0,2100
2960,60,2900,0,2900
2961,65,5500,590,6090
2962,48,3300,0,3300
2963,85,4500,0,4500
2964,50,2450,750,3200
2965,65,1900,700,2600
2966,58,2500,600,3100
2967,63,3300,700,4000
2968,106,9900,0,9900
2969,42,1900,200,2100
2970,69,2700,0,2700
2971,50,2100,600,2700
2972,42,1600,450,2050
2973,90,3700,1000,4700
2974,37,2600,0,2600
2975,38,1350,540,1890
2976,46,2500,0,2500
2977,25,1590,0,1590
2978,43,1800,600,2400
2979,21,1699,299,1998
2980,38,2000,0,2000
2981,39,1000,0,1000
2982,42,2500,150,2650
2983,45,2100,400,2500
2984,48,2500,0,2500
2985,41,1900,500,2400
2986,38,3400,0,3400
2987,53,2800,700,3500
2988,45,2100,440,2540
2989,33,1700,0,1700
2990,53,2300,100,2400
2991,56,3300,500,3800
2992,21,1650,0,1650
2993,34,1850,410,2260
2994,52,1900,0,1900
2995,47,2400,0,2400
2996,80,4000,0,4000
2997,30,2200,0,2200
2998,65,2600,0,2600
2999,33,2100,300,2400
3000,70,3500,0,3500
3001,33,1950,350,2300
3002,44,1800,500,2300
3003,36,1700,400,2100
3004,59,2500,0,2500
3005,45,2300,0,2300
3006,42,2100,300,2400
3007,48,2700,0,2700
3008,37,2200,380,2580
3009,44,1700,0,1700
3010,116,4690,0,4690
3011,33,1900,300,2200
3012,32,1950,428,2378
3013,25,1500,0,1500
3014,37,2500,0,2500
3015,42,2700,0,2700
3016,45,2000,700,2700
3017,44,1950,380,2330
3018,50,2700,0,2700
3019,53,2500,560,3060
3020,43,2350,550,2900
3021,23,1900,0,1900
3022,29,1600,400,2000
3023,54,2600,0,2600
3024,44,1700,400,2100
3025,40,2800,0,2800
3026,54,2500,0,2500
3027,41,2100,0,2100
3028,37,2300,380,2680
3029,49,2250,0,2250
3030,49,1400,800,2200
3031,20,1800,0,1800
3032,40,2300,1,2301
3033,55,2050,650,2700
3034,50,2600,400,3000
3035,36,1900,0,1900
3036,41,1990,0,1990
3037,30,2500,100,2600
3038,40,1700,200,1900
3039,40,2000,0,2000
3040,25,1500,200,1700
3041,37,2000,0,2000
3042,35,1300,500,1800
3043,38,2190,0,2190
3044,38,2690,0,2690
3045,40,1850,400,2250
3046,43,1800,400,2200
3047,31,1800,450,2250
3048,26,1800,0,1800
3049,27,1500,386,1886
3050,40,3000,1,3001
3051,26,1700,0,1700
3052,61,2700,0,2700
3053,30,1700,0,1700
3054,48,3500,0,3500
3055,33,1800,0,1800
3056,40,2800,0,2800
3057,50,2900,500,3400
3058,60,1800,0,1800
3059,56,1800,350,2150
3060,35,1500,0,1500
3061,47,3000,0,3000
3062,35,1600,450,2050
3063,67,2500,640,3140
3064,34,2100,400,2500
3065,50,2500,380,2880
3066,47,2300,0,2300
3067,56,2600,340,2940
3068,55,2200,0,2200
3069,34,2000,0,2000
3070,30,2500,500,3000
3071,29,1700,400,2100
3072,12,700,0,700
3073,30,2100,0,2100
3074,54,2600,0,2600
3075,45,2100,1,2101
3076,30,2000,1,2001
3077,84,3000,0,3000
3078,47,2000,420,2420
3079,37,2500,400,2900
3080,32,2350,0,2350
3081,32,1800,0,1800
3082,28,1800,0,1800
3083,50,2400,600,3000
3084,38,2500,500,3000
3085,20,1500,100,1600
3086,43,2350,0,2350
3087,46,1990,0,1990
3088,55,2500,550,3050
3089,100,3200,0,3200
3090,30,1850,250,2100
3091,16,900,300,1200
3092,28,2000,250,2250
3093,39,1200,600,1800
3094,40,1550,450,2000
3095,55,2000,500,2500
3096,38,1800,0,1800
3097,47,1600,0,1600
3098,68,2000,750,2750
3099,21,1460,340,1800
3100,37,2200,0,2200
3101,66,1800,660,2460
3102,56,3000,0,3000
3103,49,2600,430,3030
3104,68,3400,0,3400
3105,47,2050,0,2050
3106,47,2400,400,2800
3107,33,1500,0,1500
3108,53,3200,0,3200
3109,16,1250,250,1500
3110,42,1600,400,2000
3111,56,2850,0,2850
3112,20,1800,0,1800
3113,48,2600,0,2600
3114,66,3700,1,3701
3115,54,2850,0,2850
3116,57,2200,580,2780
3117,48,2100,400,2500
3118,37,1800,400,2200
3119,38,2400,0,2400
3120,37,1700,0,1700
3121,40,2000,410,2410
3122,50,1800,200,2000
3123,50,2300,0,2300
3124,30,1650,0,1650
3125,32,2150,550,2700
3126,50,2000,0,2000
3127,33,1900,370,2270
3128,40,1600,200,1800
3129,54,2000,0,2000
3130,26,1600,270,1870
3131,50,2800,0,2800
3132,24,1350,350,1700
3133,45,2300,900,3200
3134,24,2100,0,2100
3135,40,2200,1,2201
3136,74,2900,0,2900
3137,56,2200,0,2200
3138,26,1800,0,1800
3139,49,1600,480,2080
3140,36,1900,1,1901
3141,40,2200,500,2700
3142,50,2500,400,2900
3143,48,2400,600,3000
3144,37,1700,440,2140
3145,21,1600,300,1900
3146,25,1500,0,1500
3147,35,1590,450,2040
3148,29,2150,0,2150
3149,40,3000,1,3001
3150,34,1500,0,1500
3151,42,2100,0,2100
3152,42,2450,550,3000
3153,35,1400,420,1820
3154,70,2400,685,3085
3155,63,2200,600,2800
3156,80,2900,0,2900
3157,54,2400,0,2400
3158,35,1300,300,1600
3159,49,2850,0,2850
3160,69,3300,848,4148
3161,39,2250,500,2750
3162,33,1700,320,2020
3163,64,2900,0,2900
3164,45,2300,500,2800
3165,35,2000,350,2350
3166,43,2900,500,3400
3167,60,3200,0,3200
3168,49,2400,430,2830
3169,37,2200,400,2600
3170,42,2500,0,2500
3171,27,1900,0,1900
3172,39,2550,0,2550
3173,49,2200,0,2200
3174,68,2740,850,3590
3175,22,1690,0,1690
3176,48,2600,0,2600
3177,26,1900,0,1900
3178,29,1300,300,1600
3179,47,1850,0,1850
3180,56,3500,870,4370
3181,42,2400,0,2400
3182,50,2100,500,2600
3183,35,1750,450,2200
3184,20,1300,300,1600
3185,35,3500,410,3910
3186,33,1800,430,2230
3187,38,1700,0,1700
3188,64,2600,0,2600
3189,42,1950,450,2400
3190,22,1800,0,1800
3191,26,2600,0,2600
3192,33,1700,0,1700
3193,64,3200,500,3700
3194,34,1900,0,1900
3195,38,2000,550,2550
3196,32,1650,350,2000
3197,37,2100,0,2100
3198,56,3600,0,3600
3199,41,1600,490,2090
3200,36,2000,0,2000
3201,45,2000,500,2500
3202,22,2200,0,2200
3203,39,2000,0,2000
3204,31,1850,200,2050
3205,31,1750,350,2100
3206,106,2800,900,3700
3207,36,2500,0,2500
3208,40,2400,0,2400
3209,42,2400,0,2400
3210,48,1500,600,2100
3211,35,1900,400,2300
3212,42,2800,0,2800
3213,51,2400,0,2400
3214,73,3400,0,3400
3215,120,3400,1200,4600
3216,35,1800,420,2220
3217,56,2100,0,2100
3218,38,1800,400,2200
3219,30,1800,0,1800
3220,49,3500,750,4250
3221,58,2600,0,2600
3222,31,1800,0,1800
3223,25,1650,0,1650
3224,59,1850,450,2300
3225,37,2100,450,2550
3226,36,1800,400,2200
3227,38,2500,0,2500
3228,39,2400,0,2400
3229,30,1450,0,1450
3230,42,1850,0,1850
3231,57,3200,616,3816
3232,48,2200,0,2200
3233,50,2950,400,3350
3234,33,2490,100,2590
3235,48,1600,530,2130
3236,52,2300,622,2922
3237,35,1883,330,2213
3238,48,2000,0,2000
3239,45,1450,650,2100
3240,50,2000,580,2580
3241,42,1800,570,2370
3242,69,2000,0,2000
3243,35,1400,540,1940
3244,55,5000,800,5800
3245,60,3100,0,3100
3246,83,1700,600,2300
3247,34,2300,0,2300
3248,82,3000,950,3950
3249,55,2400,700,3100
3250,18,1450,170,1620
3251,42,2770,0,2770
3252,39,2400,0,2400
3253,80,5000,1000,6000
3254,62,3500,0,3500
3255,25,1700,0,1700
3256,38,2300,0,2300
3257,37,2400,0,2400
3258,65,2200,0,2200
3259,50,3050,450,3500
3260,33,1000,431,1431
3261,78,2800,1000,3800
3262,18,1450,170,1620
3263,26,2241,0,2241
3264,41,2642,0,2642
3265,70,2800,0,2800
3266,34,1680,0,1680
3267,60,2300,0,2300
3268,30,1667,290,1957
3269,40,1800,0,1800
3270,43,2200,0,2200
3271,28,2100,0,2100
3272,30,2000,300,2300
3273,23,1745,0,1745
3274,29,2208,0,2208
3275,26,1500,380,1880
3276,42,2400,0,2400
3277,37,1700,400,2100
3278,86,5900,950,6850
3279,30,1600,335,1935
3280,32,2000,0,2000
3281,50,3600,600,4200
3282,35,1600,420,2020
3283,34,2000,400,2400
3284,25,1600,300,1900
3285,78,3000,700,3700
3286,38,1650,470,2120
3287,32,1800,0,1800
3288,65,2200,550,2750
3289,46,2100,0,2100
3290,37,2100,320,2420
3291,52,2500,0,2500
3292,37,2100,390,2490
3293,43,1500,500,2000
3294,35,1700,0,1700
3295,42,1650,550,2200
3296,60,3500,700,4200
3297,52,2900,0,2900
3298,34,1800,0,1800
3299,40,2000,0,2000
3300,40,1800,350,2150
3301,78,2200,600,2800
3302,33,1750,0,1750
3303,49,2100,0,2100
3304,43,2390,0,2390
3305,46,2200,0,2200
3306,46,1800,575,2375
3307,40,2000,1,2001
3308,50,3500,0,3500
3309,30,2200,0,2200
3310,50,2500,0,2500
3311,57,1800,520,2320
3312,56,2700,900,3600
3313,38,1440,310,1750
3314,37,2800,0,2800
3315,30,1800,1,1801
3316,42,1900,400,2300
3317,74,3700,0,3700
3318,50,2350,0,2350
3319,28,1700,382,2082
3320,47,2100,200,2300
3321,65,2800,0,2800
3322,70,3100,0,3100
3323,30,1900,150,2050
3324,38,1500,400,1900
3325,50,2000,492,2492
3326,56,3200,550,3750
3327,20,1550,170,1720
3328,51,2200,400,2600
3329,72,5499,1,5500
3330,37,2400,0,2400
3331,95,4500,1000,5500
3332,42,2250,530,2780
3333,36,1600,400,2000
3334,60,2800,500,3300
3335,32,1600,0,1600
3336,35,2300,0,2300
3337,17,1200,250,1450
3338,64,2300,750,3050
3339,20,1900,0,1900
3340,25,1950,0,1950
3341,35,1700,200,1900
3342,25,1950,0,1950
3343,30,1600,300,1900
3344,27,1500,250,1750
3345,100,2900,500,3400
3346,51,1999,600,2599
3347,44,1900,0,1900
3348,82,3500,800,4300
3349,60,3400,0,3400
3350,41,2190,0,2190
3351,29,1600,400,2000
3352,67,3000,0,3000
3353,33,1200,360,1560
3354,28,1700,300,2000
3355,47,1900,500,2400
3356,53,2500,0,2500
3357,58,3200,0,3200
3358,50,1400,690,2090
3359,32,1700,0,1700
3360,29,1800,305,2105
3361,28,1450,330,1780
3362,48,2300,0,2300
3363,20,1500,300,1800
3364,32,1950,480,2430
3365,40,1950,1,1951
3366,58,2900,400,3300
3367,70,2400,680,3080
3368,40,2300,500,2800
3369,70,2500,0,2500
3370,45,2000,500,2500
3371,26,1300,300,1600
3372,57,2800,0,2800
3373,35,1650,1,1651
3374,37,2200,0,2200
3375,46,2050,600,2650
3376,49,2700,0,2700
3377,37,1700,450,2150
3378,20,1100,350,1450
3379,38,1600,0,1600
3380,67,1600,800,2400
3381,26,1700,200,1900
3382,42,1900,1,1901
3383,49,2950,500,3450
3384,60,2150,650,2800
3385,62,2400,750,3150
3386,37,2300,0,2300
3387,48,2900,0,2900
3388,44,2000,470,2470
3389,45,2600,0,2600
3390,40,2500,400,2900
3391,65,2999,550,3549
3392,58,2000,500,2500
3393,26,1600,300,1900
3394,52,1600,0,1600
3395,56,2735,520,3255
3396,52,2000,700,2700
3397,33,1700,0,1700
3398,28,1750,1,1751
3399,43,2700,300,3000
3400,59,2500,0,2500
3401,43,2500,0,2500
3402,44,2000,0,2000
3403,28,1400,320,1720
3404,35,2200,0,2200
3405,40,2800,0,2800
3406,29,2050,350,2400
3407,47,1900,1,1901
3408,45,1700,500,2200
3409,53,2600,0,2600
3410,32,2500,0,2500
3411,60,3800,0,3800
3412,50,1900,600,2500
3413,35,2000,200,2200
3414,47,1800,650,2450
3415,38,1999,200,2199
3416,36,1500,450,1950
3417,48,1900,525,2425
3418,25,1510,240,1750
3419,71,3900,0,3900
3420,31,2100,400,2500
3421,38,1740,350,2090
3422,31,1600,500,2100
3423,50,1800,450,2250
3424,26,1600,1,1601
3425,60,2400,1,2401
3426,37,3200,400,3600
3427,54,2950,550,3500
3428,20,1440,260,1700
3429,38,1350,470,1820
3430,33,1200,580,1780
3431,40,1800,400,2200
3432,38,1400,0,1400
3433,41,1550,250,1800
3434,38,1700,600,2300
3435,40,1650,553,2203
3436,25,1800,200,2000
3437,35,1800,0,1800
3438,28,1850,0,1850
3439,55,2750,550,3300
3440,60,2000,480,2480
3441,38,2299,1,2300
3442,34,1900,150,2050
3443,30,1600,600,2200
3444,35,1500,350,1850
3445,40,2200,440,2640
3446,22,1700,0,1700
3447,54,2500,0,2500
3448,56,2800,560,3360
3449,42,2150,0,2150
3450,57,2300,1,2301
3451,43,1900,0,1900
3452,16,899,300,1199
3453,38,1500,600,2100
3454,125,5000,1350,6350
3455,33,2000,350,2350
3456,47,2200,400,2600
3457,25,1600,50,1650
3458,51,2000,0,2000
3459,45,2500,500,3000
3460,45,2000,500,2500
3461,32,1750,430,2180
3462,34,2400,0,2400
3463,36,2300,490,2790
3464,60,2200,0,2200
3465,50,2600,0,2600
3466,54,2100,0,2100
3467,23,1350,300,1650
3468,40,2290,1,2291
3469,38,2500,0,2500
3470,50,3700,0,3700
3471,48,2750,0,2750
3472,58,2400,550,2950
3473,28,1850,350,2200
3474,44,1800,350,2150
3475,40,1300,560,1860
3476,39,2000,0,2000
3477,45,2000,350,2350
3478,50,3300,0,3300
3479,46,2500,0,2500
3480,23,1300,270,1570
3481,41,2499,1,2500
